,Unnamed: 0.1,Unnamed: 0,sex,age_years,years_education,APOE4,family_dementia_history,TAUO,NEUROD,mmse_total,Depression,cdr_sob,DX,LHVL,LHVR,VASCULAR,AMYL
0,0,0,f,51,11,0.0,Yes,0.0,1.0,16.0,False,16.5,Dem,-1.701,-0.521,0.0,0.0
1,1,1,m,76,10,2.0,Yes,0.0,0.0,14.0,True,1.5,MCI,0.254,0.025,1.0,0.0
2,2,2,f,61,14,0.0,Yes,0.0,0.0,15.0,True,5.5,Dem,-0.642,-0.657,1.0,0.0
3,4,4,m,56,19,2.0,Yes,0.0,0.0,20.0,True,10.5,Dem,-0.909,-0.139,0.0,0.0
4,5,5,f,80,19,2.0,Yes,1.0,0.0,17.0,True,0.5,MCI,-0.025,-0.679,1.0,0.0
5,7,7,m,62,19,0.0,No,0.0,0.0,13.0,True,3.5,MCI,1.125,0.646,1.0,0.0
6,8,8,f,75,19,2.0,No,0.0,0.0,11.0,True,9.5,Dem,-0.632,-1.346,0.0,0.0
7,10,10,f,50,15,0.0,No,0.0,0.0,14.99388379204893,True,12.5,Dem,0.251,-2.013,1.0,0.0
8,11,11,m,90,18,0.0,Yes,0.0,0.0,18.0,True,16.5,Dem,-0.366,-0.248,0.0,1.0
9,12,12,m,52,11,1.0,Yes,0.0,1.0,14.99388379204893,True,2.5,MCI,-1.993,0.204,1.0,0.0
10,14,14,f,56,17,0.0,Yes,0.0,1.0,15.0,True,0.5,MCI,-1.02,-0.851,1.0,0.0
11,15,15,m,51,16,0.0,Yes,0.0,0.0,14.0,True,9.5,Dem,-1.505,1.469,1.0,0.0
12,16,16,f,63,17,1.0,Yes,0.0,1.0,12.0,True,4.5,Dem,0.795,-1.024,1.0,0.0
13,17,17,m,70,12,0.0,Yes,0.0,0.0,14.99388379204893,True,1.5,MCI,0.787,0.298,0.0,0.0
14,18,18,f,78,15,0.0,Yes,0.0,0.0,17.0,True,4.5,Dem,-0.054,1.557,0.0,0.0
15,20,20,m,61,17,0.0,Yes,0.0,0.0,12.0,True,4.5,Dem,0.123,0.102,1.0,0.0
16,21,21,m,71,16,1.0,Yes,0.0,1.0,14.0,True,5.5,Dem,-1.085,-1.094,1.0,0.0
17,22,22,m,77,20,1.0,Yes,0.0,0.0,14.99388379204893,False,12.5,Dem,-1.279,0.218,0.0,0.0
18,23,23,m,74,18,0.0,No,0.0,1.0,20.0,True,0.0,NC,-0.408,0.453,0.0,0.0
19,24,24,f,90,20,2.0,No,0.0,1.0,16.0,False,0.0,NC,1.448,1.109,1.0,0.0
20,25,25,m,84,17,0.0,Yes,0.0,0.0,9.0,True,17.5,Dem,1.859,0.456,1.0,0.0
21,26,26,un,75,11,0.0,Yes,0.0,0.0,16.0,True,15.5,Dem,0.941,1.316,0.0,0.0
22,27,27,u,58,16,1.0,Yes,0.0,0.0,15.0,True,5.5,Dem,-0.067,-0.876,1.0,0.0
23,28,28,un,82,20,2.0,Yes,0.0,0.0,18.0,True,11.5,Dem,-0.032,-1.64,1.0,0.0
24,29,29,m,63,19,1.0,No,0.0,1.0,14.0,True,15.5,Dem,-0.666,1.891,1.0,0.0
25,31,31,m,61,11,0.0,No,0.0,0.0,11.0,True,1.5,MCI,0.835,-1.109,0.0,0.0
26,32,32,m,63,19,0.0,Yes,0.0,1.0,22.0,True,9.5,Dem,-0.412,0.433,0.0,0.0
27,34,34,f,69,10,2.0,Yes,0.0,1.0,13.0,True,5.5,Dem,-1.541,-0.951,0.0,0.0
28,36,36,m,71,14,2.0,Yes,0.0,1.0,17.0,True,7.5,Dem,-1.452,-0.001,0.0,0.0
29,37,37,m,62,18,1.0,Yes,0.0,0.0,14.99388379204893,True,14.5,Dem,-0.66,-1.0,0.0,1.0
30,38,38,m,54,12,0.0,Yes,0.0,1.0,13.0,True,5.5,Dem,0.674,-0.908,0.0,0.0
31,39,39,f,85,13,0.0,Yes,0.0,0.0,13.0,True,11.5,Dem,0.367,-0.487,1.0,0.0
32,42,42,f,79,18,0.0,Yes,0.0,0.0,18.0,True,0.5,MCI,0.673,1.007,1.0,0.0
33,43,43,f,58,12,0.0,Yes,0.0,0.0,14.0,True,12.5,Dem,-0.539,-1.094,1.0,0.0
34,44,44,un,58,12,1.0,No,0.0,0.0,20.0,True,0.5,MCI,0.728,0.64,1.0,0.0
35,45,45,m,62,18,0.0,Yes,0.0,1.0,14.99388379204893,True,0.5,MCI,-0.827,0.082,1.0,0.0
36,46,46,f,90,10,0.0,No,1.0,1.0,14.99388379204893,True,3.5,MCI,-1.405,0.026,0.0,1.0
37,47,47,m,83,17,1.0,Yes,0.0,0.0,15.0,True,16.5,Dem,0.646,-0.368,1.0,0.0
38,48,48,m,80,14,0.0,Yes,0.0,1.0,11.0,True,0.0,NC,0.916,1.087,0.0,0.0
39,49,49,f,78,20,2.0,Yes,0.0,1.0,14.0,True,0.0,NC,0.232,-0.704,1.0,0.0
40,51,51,f,58,13,1.0,Yes,0.0,1.0,15.0,True,15.5,Dem,0.603,-0.96,0.0,0.0
41,53,53,f,64,14,2.0,Yes,0.0,1.0,13.0,False,10.5,Dem,0.166,0.492,0.0,1.0
42,56,56,f,65,20,0.0,No,0.0,0.0,17.0,True,2.5,MCI,-1.62,0.495,1.0,0.0
43,57,57,m,72,13,0.0,Yes,0.0,0.0,14.0,False,1.5,MCI,-1.217,0.879,1.0,0.0
44,58,58,m,61,19,1.0,Yes,0.0,1.0,17.0,True,6.5,Dem,-0.158,0.05,1.0,0.0
45,59,59,m,89,18,0.0,No,0.0,0.0,16.0,True,2.5,MCI,-0.611,0.637,0.0,0.0
46,60,60,f,60,13,0.0,No,0.0,0.0,17.0,True,15.5,Dem,-1.509,0.57,0.0,0.0
47,61,61,m,62,18,2.0,Yes,0.0,0.0,9.0,True,9.5,Dem,-0.577,-0.083,0.0,0.0
48,63,63,f,88,12,0.0,Yes,0.0,0.0,18.0,True,0.0,NC,1.513,0.256,0.0,0.0
49,64,64,f,53,18,0.0,Yes,0.0,0.0,13.0,True,11.5,Dem,0.853,0.151,0.0,0.0
50,66,66,f,88,18,0.0,No,0.0,0.0,14.0,True,17.5,Dem,-1.034,-2.328,0.0,0.0
51,68,68,m,86,16,0.0,Yes,0.0,0.0,12.0,True,17.5,Dem,-0.971,0.859,0.0,0.0
52,69,69,f,62,16,0.0,No,0.0,1.0,16.0,True,2.5,MCI,-0.475,1.123,0.0,0.0
53,71,71,m,69,14,0.0,Yes,0.0,0.0,16.0,True,0.0,NC,-1.428,1.023,0.0,0.0
54,72,72,m,63,18,0.0,Yes,0.0,0.0,12.0,True,0.0,NC,-0.422,-2.525,1.0,0.0
55,73,73,m,72,20,0.0,No,0.0,0.0,16.0,True,6.5,Dem,1.426,0.802,1.0,0.0
56,74,74,un,55,14,2.0,No,0.0,0.0,14.0,True,8.5,Dem,1.286,-1.068,0.0,0.0
57,75,75,m,83,17,0.0,Yes,0.0,1.0,13.0,True,6.5,Dem,1.446,-0.075,1.0,0.0
58,77,77,f,86,13,0.0,Yes,0.0,1.0,17.0,True,14.5,Dem,-0.451,2.195,1.0,0.0
59,78,78,f,57,14,1.0,Yes,0.0,0.0,14.99388379204893,False,15.5,Dem,-0.533,-1.427,0.0,0.0
60,81,81,f,61,12,0.0,No,1.0,1.0,19.0,True,8.5,Dem,0.009,0.08,0.0,0.0
61,82,82,m,68,20,2.0,No,0.0,1.0,15.0,True,9.5,Dem,-0.255,-0.501,1.0,0.0
62,83,83,f,74,10,1.0,Yes,0.0,0.0,13.0,True,14.5,Dem,2.678,2.619,0.0,0.0
63,84,84,f,62,20,0.0,Yes,0.0,0.0,13.0,True,5.5,Dem,0.373,-0.762,1.0,0.0
64,85,85,f,86,13,0.0,Yes,0.0,1.0,9.0,True,5.5,Dem,0.79,0.214,1.0,0.0
65,88,88,f,51,14,0.0,Yes,0.0,0.0,14.99388379204893,True,14.5,Dem,-0.786,0.125,1.0,0.0
66,89,89,m,82,15,1.0,No,0.0,0.0,14.99388379204893,True,7.5,Dem,-0.466,-0.074,1.0,0.0
67,90,90,m,68,17,1.0,No,0.0,0.0,18.0,True,1.5,MCI,0.801,-1.229,1.0,0.0
68,91,91,f,61,10,1.0,Yes,0.0,0.0,17.0,False,2.5,MCI,0.088,-2.089,0.0,0.0
69,92,92,f,64,11,0.0,No,0.0,1.0,18.0,True,15.5,Dem,-0.538,0.95,1.0,0.0
70,93,93,m,72,16,0.0,Yes,0.0,0.0,15.0,False,9.5,Dem,0.074,1.005,1.0,0.0
71,94,94,f,50,12,0.0,Yes,0.0,0.0,13.0,True,16.5,Dem,0.207,0.972,1.0,0.0
72,95,95,f,62,12,1.0,Yes,0.0,0.0,20.0,False,4.5,Dem,1.937,-1.034,0.0,0.0
73,96,96,f,79,14,0.0,Yes,0.0,0.0,15.0,True,9.5,Dem,0.461,0.415,1.0,0.0
74,98,98,f,50,13,1.0,Yes,0.0,0.0,11.0,True,13.5,Dem,0.006,-1.31,1.0,0.0
75,100,100,m,90,14,1.0,Yes,0.0,1.0,11.0,True,5.5,Dem,0.134,0.952,1.0,0.0
76,101,101,f,52,12,1.0,Yes,0.0,1.0,17.0,True,12.5,Dem,-0.965,-1.129,1.0,1.0
77,103,103,m,86,14,0.0,Yes,0.0,1.0,12.0,True,14.5,Dem,-1.14,1.052,0.0,0.0
78,104,104,u,61,10,1.0,Yes,0.0,0.0,15.0,True,1.5,MCI,0.326,-1.38,0.0,0.0
79,105,105,u,55,20,2.0,No,1.0,0.0,17.0,True,3.5,MCI,0.3,0.794,1.0,0.0
80,106,106,f,63,17,0.0,Yes,0.0,0.0,14.0,True,16.5,Dem,-0.091,-1.205,1.0,0.0
81,107,107,m,75,19,0.0,Yes,0.0,0.0,11.0,True,3.5,MCI,0.071,-1.026,1.0,0.0
82,108,108,f,83,16,0.0,No,1.0,0.0,18.0,True,5.5,Dem,-0.157,-0.431,0.0,0.0
83,110,110,f,84,19,0.0,Yes,0.0,1.0,18.0,True,7.5,Dem,0.464,0.477,0.0,0.0
84,111,111,f,66,14,0.0,Yes,0.0,0.0,12.0,True,5.5,Dem,0.208,0.309,0.0,0.0
85,112,112,m,85,10,1.0,No,0.0,0.0,14.0,True,0.0,NC,1.286,1.46,1.0,0.0
86,113,113,f,50,10,0.0,Yes,0.0,0.0,10.0,True,4.5,Dem,-0.948,-1.65,1.0,0.0
87,114,114,m,89,19,1.0,Yes,0.0,1.0,17.0,True,16.5,Dem,0.117,-0.788,0.0,0.0
88,115,115,f,67,19,1.0,Yes,0.0,1.0,14.99388379204893,False,11.5,Dem,0.335,0.864,1.0,1.0
89,116,116,f,66,11,0.0,No,0.0,0.0,19.0,True,5.5,Dem,-1.541,0.499,1.0,0.0
90,118,118,f,51,12,0.0,Yes,0.0,0.0,14.0,True,11.5,Dem,0.46,1.308,0.0,0.0
91,119,119,m,69,10,0.0,Yes,0.0,0.0,10.0,True,10.5,Dem,-0.422,1.29,0.0,0.0
92,121,121,m,84,10,0.0,Yes,0.0,1.0,15.0,True,9.5,Dem,-0.048,1.227,0.0,1.0
93,122,122,u,60,19,1.0,No,0.0,1.0,19.0,True,13.5,Dem,-0.255,-1.385,1.0,0.0
94,123,123,m,55,18,1.0,Yes,0.0,0.0,19.0,True,0.0,NC,-0.766,-0.291,1.0,0.0
95,124,124,f,58,17,2.0,Yes,0.0,1.0,12.0,True,12.5,Dem,1.798,0.406,1.0,0.0
96,125,125,m,52,10,0.0,Yes,0.0,0.0,16.0,True,12.5,Dem,1.188,-1.563,0.0,0.0
97,126,126,m,72,12,0.0,Yes,0.0,0.0,18.0,True,17.5,Dem,0.618,0.056,1.0,1.0
98,127,127,m,81,13,1.0,Yes,0.0,1.0,14.99388379204893,True,6.5,Dem,0.872,0.261,1.0,0.0
99,129,129,m,59,18,1.0,No,0.0,1.0,16.0,True,11.5,Dem,1.771,0.78,0.0,0.0
100,132,132,m,61,16,0.0,No,0.0,0.0,20.0,True,11.5,Dem,-0.255,0.849,0.0,0.0
101,133,133,un,77,17,0.0,Yes,0.0,1.0,12.0,True,5.5,Dem,0.961,1.288,1.0,0.0
102,134,134,f,72,15,0.0,Yes,0.0,0.0,15.0,True,7.5,Dem,0.045,2.145,1.0,0.0
103,135,135,u,78,19,0.0,Yes,0.0,1.0,14.0,False,10.5,Dem,-1.51,-0.752,0.0,0.0
104,139,139,m,87,20,2.0,Yes,1.0,1.0,15.0,True,9.5,Dem,-1.59,-0.177,0.0,0.0
105,140,140,f,52,11,0.0,Yes,0.0,0.0,20.0,True,13.5,Dem,-0.897,-0.132,0.0,0.0
106,142,142,m,61,20,0.0,No,0.0,1.0,19.0,True,2.5,MCI,-1.333,-0.199,1.0,1.0
107,143,143,m,68,15,0.0,Yes,0.0,1.0,17.0,True,0.0,NC,0.258,-1.275,1.0,0.0
108,145,145,m,76,15,1.0,Yes,0.0,0.0,16.0,True,0.5,MCI,-1.499,-0.579,0.0,0.0
109,146,146,m,79,12,0.0,Yes,0.0,0.0,15.0,True,4.5,Dem,1.055,-1.894,0.0,0.0
110,147,147,m,89,14,1.0,No,0.0,1.0,13.0,True,8.5,Dem,1.492,1.027,1.0,0.0
111,148,148,f,55,14,0.0,Yes,0.0,0.0,14.0,True,13.5,Dem,-0.102,-1.517,1.0,0.0
112,150,150,m,81,19,0.0,No,0.0,0.0,14.99388379204893,True,8.5,Dem,-1.699,-0.699,0.0,0.0
113,153,153,f,54,15,2.0,Yes,0.0,0.0,18.0,True,0.5,MCI,1.317,-3.101,0.0,0.0
114,154,154,m,78,15,0.0,No,0.0,1.0,20.0,True,0.5,MCI,-0.423,0.471,0.0,0.0
115,155,155,m,78,14,1.0,No,0.0,1.0,18.0,True,6.5,Dem,0.011,1.009,0.0,0.0
116,156,156,m,55,20,0.0,Yes,0.0,1.0,19.0,True,8.5,Dem,1.244,2.579,1.0,0.0
117,157,157,un,55,11,0.0,No,0.0,0.0,16.0,True,8.5,Dem,-0.435,-0.357,1.0,0.0
118,158,158,f,68,19,0.0,Yes,0.0,0.0,12.0,False,14.5,Dem,0.227,-1.582,0.0,0.0
119,159,159,un,75,13,2.0,No,0.0,0.0,15.0,True,10.5,Dem,-1.524,2.674,1.0,0.0
120,160,160,f,66,16,0.0,Yes,0.0,1.0,14.0,True,14.5,Dem,1.043,0.604,1.0,0.0
121,161,161,m,61,10,1.0,Yes,0.0,1.0,12.0,True,10.5,Dem,-0.596,1.083,0.0,0.0
122,162,162,f,51,19,1.0,No,0.0,1.0,17.0,True,0.0,NC,-0.131,-1.653,0.0,0.0
123,163,163,m,71,11,0.0,No,0.0,0.0,15.0,True,1.5,MCI,1.175,-3.3,0.0,0.0
124,164,164,f,83,18,0.0,No,0.0,0.0,15.0,True,0.0,NC,-0.663,-0.17,1.0,0.0
125,165,165,f,76,18,0.0,No,0.0,0.0,15.0,True,14.5,Dem,0.08,-2.505,1.0,0.0
126,166,166,m,83,10,0.0,Yes,0.0,0.0,14.0,True,0.5,MCI,-1.145,-0.267,0.0,0.0
127,168,168,m,89,10,1.0,Yes,0.0,0.0,21.0,True,0.0,NC,1.503,-0.013,1.0,1.0
128,169,169,u,86,10,1.0,Yes,0.0,1.0,19.0,True,0.0,NC,1.058,-0.506,1.0,0.0
129,171,171,m,86,15,0.0,Yes,0.0,0.0,16.0,True,0.0,NC,-0.814,-1.731,0.0,0.0
130,172,172,m,68,13,2.0,Yes,0.0,1.0,14.0,True,14.5,Dem,-1.368,0.508,1.0,0.0
131,173,173,u,77,12,2.0,Yes,0.0,0.0,16.0,True,8.5,Dem,0.413,0.741,1.0,0.0
132,174,174,f,54,10,0.0,Yes,0.0,0.0,14.99388379204893,True,12.5,Dem,0.251,-0.128,1.0,1.0
133,175,175,m,62,17,1.0,Yes,0.0,0.0,16.0,True,12.5,Dem,0.036,0.01,0.0,0.0
134,176,176,m,84,14,1.0,Yes,0.0,1.0,16.0,True,10.5,Dem,-0.358,-0.204,1.0,0.0
135,177,177,f,65,14,0.0,No,0.0,0.0,12.0,True,3.5,MCI,1.001,-0.9,1.0,1.0
136,178,178,m,85,18,0.0,Yes,0.0,0.0,15.0,True,11.5,Dem,-0.463,-1.172,1.0,0.0
137,179,179,m,85,20,2.0,Yes,0.0,0.0,14.99388379204893,True,4.5,Dem,-0.466,-0.863,0.0,0.0
138,180,180,m,85,18,0.0,No,0.0,0.0,14.99388379204893,True,1.5,MCI,0.191,0.524,0.0,0.0
139,181,181,f,50,18,2.0,No,0.0,1.0,18.0,True,13.5,Dem,0.029,-0.521,0.0,0.0
140,182,182,m,77,19,0.0,Yes,0.0,0.0,14.99388379204893,True,4.5,Dem,0.584,-0.09,0.0,0.0
141,183,183,f,67,19,0.0,No,0.0,0.0,13.0,True,15.5,Dem,0.983,-0.242,1.0,0.0
142,184,184,u,53,17,2.0,Yes,0.0,0.0,8.0,True,13.5,Dem,0.595,0.656,0.0,0.0
143,185,185,f,89,17,0.0,No,0.0,0.0,11.0,True,0.5,MCI,-0.664,0.488,0.0,0.0
144,186,186,f,81,16,2.0,Yes,0.0,0.0,14.0,True,4.5,Dem,-0.844,-0.229,1.0,1.0
145,187,187,m,59,18,0.0,Yes,0.0,0.0,15.0,True,0.0,NC,1.788,-2.33,1.0,0.0
146,191,191,m,69,10,2.0,Yes,0.0,0.0,16.0,True,9.5,Dem,0.164,2.639,0.0,0.0
147,192,192,m,69,15,0.0,No,0.0,0.0,8.0,True,0.0,NC,-0.355,-0.246,1.0,0.0
148,193,193,f,52,17,0.0,Yes,0.0,1.0,14.99388379204893,True,9.5,Dem,-0.409,0.748,1.0,0.0
149,195,195,m,64,16,1.0,No,0.0,0.0,21.0,True,5.5,Dem,0.46,-0.212,0.0,1.0
150,196,196,m,59,20,1.0,Yes,0.0,0.0,17.0,True,3.5,MCI,0.933,1.165,1.0,0.0
151,197,197,m,54,19,0.0,Yes,0.0,0.0,16.0,True,9.5,Dem,-0.118,-0.371,1.0,0.0
152,198,198,f,51,14,2.0,Yes,0.0,0.0,13.0,True,0.0,NC,-1.029,-1.332,0.0,0.0
153,199,199,m,56,17,1.0,Yes,0.0,0.0,18.0,True,9.5,Dem,2.46,0.723,0.0,0.0
154,200,200,f,85,17,1.0,No,0.0,0.0,11.0,True,1.5,MCI,0.081,-1.654,0.0,0.0
155,201,201,m,72,14,1.0,No,0.0,0.0,14.0,True,0.0,NC,0.303,0.573,0.0,0.0
156,202,202,un,90,18,0.0,No,0.0,0.0,13.0,True,3.5,MCI,0.329,-1.482,0.0,0.0
157,204,204,f,82,17,1.0,No,0.0,1.0,16.0,True,0.0,NC,-1.233,0.319,0.0,0.0
158,205,205,m,67,11,0.0,Yes,0.0,0.0,17.0,True,16.5,Dem,0.755,-1.33,0.0,0.0
159,207,207,f,61,15,0.0,Yes,0.0,0.0,14.99388379204893,True,14.5,Dem,-1.76,-0.018,0.0,0.0
160,209,209,m,85,17,0.0,No,0.0,0.0,14.99388379204893,True,1.5,MCI,-0.747,0.4,1.0,1.0
161,210,210,m,61,10,0.0,Yes,0.0,1.0,18.0,True,9.5,Dem,0.581,0.019,0.0,0.0
162,211,211,f,88,13,0.0,No,0.0,0.0,16.0,True,13.5,Dem,-0.077,-1.095,0.0,0.0
163,212,212,f,51,16,1.0,Yes,0.0,0.0,20.0,True,10.5,Dem,0.236,1.283,0.0,0.0
164,213,213,f,88,15,0.0,No,0.0,1.0,10.0,True,4.5,Dem,-0.331,-0.651,0.0,0.0
165,214,214,f,63,17,0.0,Yes,0.0,1.0,15.0,True,0.5,MCI,-0.671,-0.698,1.0,0.0
166,215,215,f,66,10,0.0,No,0.0,1.0,21.0,True,2.5,MCI,-0.124,0.129,0.0,1.0
167,216,216,f,78,10,0.0,No,0.0,0.0,16.0,True,4.5,Dem,-0.684,-2.142,0.0,0.0
168,217,217,m,89,15,1.0,Yes,0.0,0.0,17.0,True,0.0,NC,-0.386,0.318,0.0,0.0
169,218,218,f,83,12,1.0,Yes,0.0,0.0,14.99388379204893,True,14.5,Dem,0.618,0.468,1.0,0.0
170,219,219,f,53,14,1.0,Yes,0.0,0.0,14.99388379204893,True,6.5,Dem,-1.87,0.325,0.0,0.0
171,220,220,m,56,20,0.0,Yes,0.0,0.0,11.0,True,4.5,Dem,-0.351,0.288,1.0,0.0
172,221,221,f,80,13,0.0,Yes,0.0,0.0,15.0,True,0.0,NC,-0.08,0.285,1.0,0.0
173,222,222,f,57,19,2.0,Yes,0.0,0.0,15.0,True,11.5,Dem,-1.359,-0.645,0.0,0.0
174,224,224,m,71,14,0.0,Yes,0.0,1.0,16.0,True,16.5,Dem,0.261,0.575,0.0,0.0
175,225,225,f,60,20,1.0,Yes,0.0,1.0,18.0,True,17.5,Dem,1.741,-2.999,0.0,0.0
176,226,226,f,67,16,1.0,Yes,0.0,0.0,12.0,True,0.0,NC,-0.216,0.551,1.0,0.0
177,227,227,f,73,13,2.0,Yes,0.0,0.0,15.0,True,0.5,MCI,0.237,-0.171,0.0,0.0
178,228,228,m,68,20,1.0,Yes,0.0,1.0,13.0,True,14.5,Dem,-1.083,-0.484,1.0,0.0
179,229,229,m,52,19,1.0,Yes,0.0,1.0,17.0,True,0.0,NC,1.727,-1.204,1.0,0.0
180,230,230,f,90,14,0.0,Yes,0.0,0.0,16.0,True,0.0,NC,-2.284,-0.828,0.0,0.0
181,231,231,m,88,12,0.0,Yes,0.0,0.0,17.0,True,0.0,NC,0.53,-0.332,0.0,0.0
182,232,232,f,77,14,2.0,Yes,0.0,1.0,13.0,True,0.0,NC,0.876,-0.598,1.0,0.0
183,233,233,m,76,17,1.0,Yes,0.0,0.0,15.0,True,16.5,Dem,-1.696,-0.219,1.0,0.0
184,236,236,f,59,14,1.0,Yes,0.0,0.0,14.0,False,2.5,MCI,-1.392,1.726,0.0,0.0
185,237,237,f,76,14,0.0,Yes,0.0,1.0,16.0,False,10.5,Dem,1.267,0.826,0.0,0.0
186,238,238,f,55,19,0.0,Yes,0.0,0.0,15.0,True,3.5,MCI,-0.231,0.795,1.0,0.0
187,239,239,m,76,14,2.0,Yes,0.0,0.0,14.0,False,6.5,Dem,0.503,0.808,1.0,0.0
188,241,241,f,54,13,0.0,Yes,0.0,0.0,14.0,True,0.0,NC,1.726,-0.055,0.0,0.0
189,242,242,f,80,20,1.0,Yes,0.0,1.0,15.0,True,3.5,MCI,-0.62,-0.16,1.0,0.0
190,243,243,f,69,12,0.0,Yes,0.0,0.0,15.0,True,0.0,NC,0.096,0.074,0.0,0.0
191,244,244,u,69,11,0.0,Yes,0.0,0.0,16.0,True,14.5,Dem,1.443,0.466,1.0,0.0
192,245,245,m,51,18,2.0,Yes,0.0,0.0,11.0,True,17.5,Dem,0.832,-0.632,0.0,0.0
193,246,246,f,75,18,1.0,Yes,0.0,0.0,17.0,True,0.0,NC,0.684,-0.424,0.0,0.0
194,247,247,m,52,16,0.0,Yes,0.0,0.0,18.0,True,2.5,MCI,-0.273,-0.254,0.0,0.0
195,248,248,m,65,19,1.0,No,0.0,0.0,16.0,True,0.0,NC,-1.474,-0.733,0.0,0.0
196,249,249,f,69,18,2.0,Yes,0.0,0.0,17.0,True,13.5,Dem,-1.93,-2.394,1.0,0.0
197,251,251,m,74,20,2.0,Yes,0.0,0.0,13.0,True,0.0,NC,-1.341,-0.162,0.0,0.0
198,252,252,f,81,15,1.0,Yes,0.0,1.0,19.0,True,0.5,MCI,-0.215,-0.209,0.0,0.0
199,253,253,m,56,15,1.0,No,0.0,1.0,13.0,True,12.5,Dem,-1.217,0.486,1.0,0.0
200,256,256,m,74,18,1.0,Yes,0.0,0.0,22.0,True,7.5,Dem,-0.02,1.289,0.0,1.0
201,257,257,m,61,13,1.0,Yes,0.0,0.0,13.0,True,0.0,NC,-0.413,-0.417,0.0,0.0
202,258,258,m,76,12,0.0,No,0.0,1.0,16.0,True,0.5,MCI,0.641,1.309,1.0,0.0
203,259,259,m,78,12,1.0,Yes,0.0,1.0,18.0,True,5.5,Dem,-0.442,-2.045,0.0,0.0
204,260,260,f,90,11,2.0,No,0.0,1.0,14.99388379204893,True,0.0,NC,-0.752,-0.081,0.0,0.0
205,261,261,f,73,20,1.0,Yes,0.0,1.0,19.0,False,17.5,Dem,-0.245,-1.146,0.0,0.0
206,262,262,f,51,19,0.0,No,0.0,0.0,14.0,True,0.0,NC,1.151,-0.539,0.0,0.0
207,263,263,m,82,15,2.0,Yes,0.0,0.0,18.0,True,16.5,Dem,-0.665,1.448,1.0,0.0
208,264,264,f,63,15,1.0,Yes,0.0,0.0,13.0,True,1.5,MCI,-0.984,1.563,0.0,0.0
209,265,265,m,71,13,0.0,No,0.0,0.0,17.0,True,17.5,Dem,0.117,-0.176,0.0,0.0
210,266,266,m,64,15,1.0,Yes,0.0,1.0,19.0,True,12.5,Dem,2.278,-1.036,1.0,0.0
211,267,267,m,84,13,0.0,Yes,0.0,0.0,12.0,True,10.5,Dem,0.244,1.298,0.0,1.0
212,268,268,f,68,19,0.0,No,0.0,0.0,14.0,True,0.0,NC,-0.593,-0.973,1.0,1.0
213,270,270,f,74,12,0.0,No,0.0,0.0,16.0,False,10.5,Dem,0.516,1.473,0.0,0.0
214,271,271,m,87,10,0.0,Yes,0.0,0.0,12.0,True,4.5,Dem,-0.298,1.131,0.0,0.0
215,272,272,f,87,12,1.0,Yes,0.0,1.0,13.0,True,8.5,Dem,-0.853,-0.265,1.0,0.0
216,273,273,m,89,10,2.0,No,0.0,1.0,17.0,True,4.5,Dem,0.228,-0.22,0.0,0.0
217,274,274,f,77,13,0.0,Yes,0.0,0.0,14.0,True,10.5,Dem,-0.732,-0.067,1.0,0.0
218,275,275,un,68,13,1.0,No,0.0,0.0,16.0,True,17.5,Dem,0.316,1.213,1.0,1.0
219,276,276,f,61,20,0.0,Yes,0.0,1.0,19.0,True,2.5,MCI,1.563,-0.15,1.0,0.0
220,278,278,m,76,15,0.0,Yes,0.0,0.0,21.0,True,12.5,Dem,-0.28,-0.16,0.0,0.0
221,279,279,f,55,20,0.0,Yes,0.0,1.0,13.0,True,0.0,NC,0.949,2.126,1.0,0.0
222,280,280,f,51,19,0.0,Yes,0.0,0.0,16.0,False,14.5,Dem,-1.56,-2.019,0.0,0.0
223,282,282,u,81,13,0.0,Yes,0.0,0.0,14.0,True,8.5,Dem,-1.118,-0.618,0.0,0.0
224,283,283,f,90,13,0.0,Yes,0.0,1.0,13.0,True,10.5,Dem,0.538,0.364,0.0,0.0
225,284,284,m,89,17,0.0,Yes,1.0,0.0,17.0,True,0.5,MCI,0.212,-0.247,1.0,0.0
226,285,285,f,62,15,0.0,Yes,0.0,1.0,13.0,False,0.0,NC,-0.757,0.216,0.0,0.0
227,286,286,m,60,14,1.0,Yes,0.0,1.0,17.0,True,0.0,NC,-0.925,1.397,1.0,0.0
228,287,287,m,50,20,2.0,Yes,0.0,0.0,14.99388379204893,True,0.5,MCI,1.352,1.0,0.0,0.0
229,289,289,f,57,19,0.0,Yes,0.0,1.0,16.0,True,0.5,MCI,0.163,1.529,0.0,0.0
230,290,290,f,56,15,0.0,Yes,0.0,0.0,14.99388379204893,True,0.5,MCI,-2.353,1.815,0.0,0.0
231,291,291,m,61,17,0.0,Yes,0.0,1.0,19.0,True,16.5,Dem,0.309,-0.856,1.0,0.0
232,292,292,m,90,17,0.0,Yes,0.0,0.0,10.0,True,0.0,NC,-0.253,-0.516,1.0,0.0
233,293,293,f,64,18,0.0,No,0.0,1.0,14.99388379204893,True,0.5,MCI,1.044,0.856,1.0,0.0
234,294,294,u,58,14,0.0,No,0.0,0.0,14.0,True,9.5,Dem,-0.787,-1.098,1.0,0.0
235,295,295,f,80,10,1.0,No,0.0,0.0,10.0,True,9.5,Dem,-0.352,1.368,1.0,0.0
236,296,296,f,80,14,0.0,No,0.0,1.0,18.0,True,3.5,MCI,1.163,-0.522,0.0,0.0
237,297,297,f,64,20,0.0,Yes,0.0,0.0,16.0,True,2.5,MCI,-1.93,1.47,0.0,0.0
238,298,298,f,75,13,0.0,Yes,0.0,0.0,14.0,True,3.5,MCI,1.652,0.184,1.0,0.0
239,299,299,u,70,11,1.0,Yes,0.0,1.0,13.0,True,0.0,NC,1.163,1.98,0.0,0.0
240,300,300,m,63,14,0.0,Yes,0.0,0.0,18.0,True,6.5,Dem,0.644,0.159,0.0,0.0
241,301,301,f,90,20,0.0,No,0.0,0.0,16.0,True,3.5,MCI,-1.224,-0.833,0.0,0.0
242,302,302,m,50,15,0.0,Yes,0.0,0.0,18.0,True,3.5,MCI,1.024,0.06,1.0,0.0
243,303,303,f,57,20,1.0,No,0.0,1.0,15.0,True,3.5,MCI,0.076,0.336,1.0,0.0
244,304,304,u,60,20,2.0,Yes,0.0,0.0,17.0,True,13.5,Dem,-0.111,1.002,0.0,0.0
245,305,305,f,51,13,0.0,Yes,0.0,1.0,14.99388379204893,True,11.5,Dem,-1.45,0.771,0.0,0.0
246,306,306,f,76,19,2.0,Yes,0.0,0.0,14.0,True,0.5,MCI,-2.666,-0.112,0.0,0.0
247,307,307,m,52,20,2.0,No,0.0,0.0,15.0,True,0.0,NC,0.122,0.996,0.0,0.0
248,308,308,m,73,17,1.0,Yes,0.0,0.0,15.0,True,16.5,Dem,0.317,0.121,0.0,0.0
249,309,309,f,64,12,1.0,Yes,0.0,0.0,14.0,True,1.5,MCI,2.787,0.487,1.0,0.0
250,310,310,f,84,20,1.0,Yes,0.0,1.0,14.0,True,11.5,Dem,-0.105,-0.549,1.0,0.0
251,311,311,m,90,13,0.0,Yes,0.0,0.0,14.99388379204893,True,4.5,Dem,0.63,0.043,0.0,0.0
252,312,312,f,58,13,1.0,Yes,0.0,0.0,17.0,True,0.0,NC,-0.682,-0.428,0.0,0.0
253,313,313,f,83,18,0.0,Yes,0.0,0.0,15.0,True,0.0,NC,1.051,0.55,0.0,0.0
254,314,314,m,55,11,2.0,Yes,0.0,0.0,13.0,True,5.5,Dem,-0.272,-0.546,1.0,0.0
255,316,316,m,76,13,0.0,Yes,0.0,1.0,15.0,False,15.5,Dem,0.337,-2.264,0.0,1.0
256,318,318,f,76,19,0.0,Yes,0.0,0.0,15.0,True,12.5,Dem,0.839,-0.25,0.0,0.0
257,319,319,f,80,18,0.0,No,0.0,0.0,16.0,True,0.5,MCI,0.892,1.579,0.0,0.0
258,321,321,f,69,18,1.0,No,0.0,1.0,13.0,True,14.5,Dem,-0.515,-1.058,0.0,1.0
259,322,322,m,58,19,0.0,No,0.0,1.0,13.0,False,0.0,NC,1.767,-0.037,0.0,0.0
260,323,323,m,60,13,0.0,Yes,1.0,0.0,13.0,True,0.0,NC,-0.285,0.124,1.0,0.0
261,324,324,f,78,14,2.0,Yes,0.0,0.0,20.0,True,11.5,Dem,-1.083,-0.937,0.0,0.0
262,325,325,m,52,19,0.0,Yes,0.0,0.0,12.0,True,0.0,NC,-0.604,-0.796,1.0,0.0
263,327,327,m,58,13,2.0,Yes,0.0,0.0,15.0,True,2.5,MCI,-0.43,-1.631,1.0,0.0
264,328,328,f,90,11,2.0,Yes,0.0,1.0,15.0,True,11.5,Dem,0.263,1.49,1.0,0.0
265,329,329,m,60,20,1.0,No,0.0,1.0,17.0,True,3.5,MCI,-1.747,0.672,0.0,0.0
266,330,330,f,83,12,1.0,Yes,0.0,1.0,14.0,True,0.0,NC,-0.066,-0.544,1.0,0.0
267,332,332,m,72,13,0.0,Yes,0.0,0.0,13.0,True,14.5,Dem,-0.284,1.088,0.0,0.0
268,333,333,f,57,13,1.0,Yes,0.0,0.0,16.0,True,0.0,NC,-1.276,0.137,0.0,0.0
269,334,334,m,66,14,0.0,Yes,0.0,0.0,17.0,True,7.5,Dem,0.389,-0.883,0.0,0.0
270,335,335,m,64,14,0.0,Yes,0.0,0.0,13.0,True,1.5,MCI,0.143,-0.317,1.0,1.0
271,336,336,m,50,14,0.0,Yes,0.0,1.0,12.0,True,14.5,Dem,-0.739,-0.464,0.0,0.0
272,337,337,f,84,19,0.0,Yes,0.0,1.0,13.0,True,3.5,MCI,-0.626,0.154,1.0,0.0
273,338,338,m,79,20,0.0,No,0.0,0.0,14.99388379204893,True,0.0,NC,0.29,0.443,0.0,1.0
274,339,339,m,61,13,1.0,No,0.0,0.0,20.0,False,4.5,Dem,-1.775,-1.106,1.0,0.0
275,340,340,f,87,15,1.0,Yes,0.0,0.0,18.0,True,12.5,Dem,-1.412,0.208,0.0,0.0
276,342,342,m,76,12,0.0,No,0.0,0.0,13.0,True,16.5,Dem,-0.038,-0.71,1.0,0.0
277,343,343,f,52,20,2.0,Yes,0.0,0.0,16.0,True,0.0,NC,-2.483,-1.413,0.0,0.0
278,344,344,m,81,18,0.0,Yes,0.0,1.0,14.0,False,1.5,MCI,0.489,0.295,1.0,0.0
279,345,345,m,88,15,0.0,Yes,0.0,0.0,19.0,True,0.5,MCI,0.475,-0.52,0.0,1.0
280,346,346,m,51,19,1.0,Yes,0.0,0.0,14.99388379204893,True,0.5,MCI,-0.107,-0.711,0.0,0.0
281,347,347,un,63,13,1.0,Yes,0.0,1.0,12.0,True,0.0,NC,0.925,0.905,1.0,0.0
282,350,350,m,67,16,0.0,No,0.0,0.0,15.0,True,3.5,MCI,-0.265,0.82,1.0,0.0
283,351,351,m,56,14,2.0,Yes,0.0,0.0,22.0,True,3.5,MCI,0.407,1.253,0.0,0.0
284,352,352,f,61,14,2.0,Yes,0.0,0.0,16.0,True,5.5,Dem,-0.28,1.089,0.0,0.0
285,353,353,f,68,19,2.0,No,0.0,1.0,19.0,True,4.5,Dem,1.027,0.037,1.0,0.0
286,354,354,m,80,10,2.0,Yes,0.0,0.0,17.0,True,3.5,MCI,0.931,0.462,1.0,0.0
287,355,355,f,67,16,1.0,No,0.0,0.0,14.99388379204893,True,10.5,Dem,1.911,1.795,1.0,0.0
288,357,357,f,63,14,0.0,Yes,0.0,1.0,14.0,True,13.5,Dem,-2.034,-0.172,0.0,0.0
289,358,358,m,69,20,0.0,Yes,0.0,0.0,19.0,False,5.5,Dem,-2.033,-0.759,0.0,0.0
290,359,359,f,78,19,0.0,Yes,0.0,1.0,20.0,True,6.5,Dem,-1.476,-1.147,0.0,0.0
291,361,361,m,70,17,2.0,No,0.0,1.0,12.0,True,11.5,Dem,0.737,-1.619,0.0,0.0
292,362,362,f,87,20,2.0,Yes,1.0,0.0,9.0,True,0.0,NC,-1.493,0.465,1.0,0.0
293,363,363,m,87,11,0.0,Yes,0.0,0.0,17.0,False,8.5,Dem,-1.167,-1.534,1.0,0.0
294,364,364,f,90,13,0.0,Yes,0.0,0.0,15.0,False,0.0,NC,-0.497,0.173,1.0,0.0
295,366,366,m,53,12,1.0,No,0.0,0.0,14.0,True,3.5,MCI,-0.702,0.41,1.0,0.0
296,367,367,m,75,19,1.0,Yes,0.0,0.0,14.0,True,6.5,Dem,0.743,-0.276,0.0,0.0
297,368,368,m,75,16,2.0,Yes,0.0,1.0,16.0,True,6.5,Dem,-1.17,1.098,1.0,0.0
298,369,369,f,52,19,2.0,Yes,0.0,0.0,16.0,True,0.5,MCI,0.066,0.71,0.0,0.0
299,371,371,m,78,17,1.0,Yes,0.0,0.0,14.99388379204893,True,2.5,MCI,-0.132,0.393,1.0,0.0
300,373,373,m,53,20,0.0,Yes,0.0,1.0,14.99388379204893,True,0.0,NC,-0.901,-0.883,1.0,0.0
301,374,374,m,89,18,2.0,Yes,0.0,1.0,21.0,False,4.5,Dem,0.742,0.761,1.0,0.0
302,376,376,f,61,13,0.0,Yes,0.0,0.0,17.0,True,4.5,Dem,-1.779,0.885,1.0,0.0
303,377,377,m,79,15,0.0,Yes,0.0,0.0,18.0,True,15.5,Dem,0.66,-0.953,1.0,1.0
304,378,378,m,59,11,0.0,Yes,0.0,0.0,17.0,False,0.5,MCI,-0.525,0.648,1.0,0.0
305,379,379,m,73,16,1.0,Yes,0.0,0.0,17.0,True,0.0,NC,-0.419,1.214,0.0,0.0
306,380,380,f,60,19,0.0,No,0.0,0.0,14.99388379204893,True,0.5,MCI,-0.43,-1.223,1.0,0.0
307,381,381,un,56,11,1.0,No,0.0,0.0,18.0,True,10.5,Dem,-1.775,1.263,1.0,0.0
308,382,382,f,84,14,2.0,Yes,0.0,1.0,14.99388379204893,True,17.5,Dem,0.209,-0.973,0.0,0.0
309,383,383,f,71,20,0.0,Yes,0.0,0.0,14.99388379204893,True,6.5,Dem,-0.781,0.216,1.0,0.0
310,384,384,un,57,10,0.0,Yes,0.0,1.0,14.0,True,0.0,NC,0.136,0.81,0.0,0.0
311,385,385,m,74,17,0.0,No,0.0,0.0,17.0,False,13.5,Dem,-0.1,0.022,0.0,0.0
312,386,386,m,56,17,1.0,Yes,0.0,0.0,18.0,True,5.5,Dem,1.007,-1.06,1.0,0.0
313,388,388,f,84,20,2.0,Yes,0.0,0.0,16.0,True,4.5,Dem,0.243,1.185,1.0,0.0
314,389,389,m,72,15,1.0,No,0.0,0.0,13.0,True,0.0,NC,-0.671,0.576,0.0,0.0
315,390,390,u,50,15,2.0,No,0.0,0.0,10.0,True,1.5,MCI,0.673,0.22,1.0,0.0
316,392,392,f,84,12,2.0,Yes,0.0,1.0,14.0,True,0.0,NC,0.298,1.062,0.0,0.0
317,393,393,m,83,18,0.0,No,0.0,0.0,16.0,True,1.5,MCI,0.444,0.159,1.0,0.0
318,394,394,f,65,11,1.0,Yes,0.0,0.0,12.0,True,12.5,Dem,-1.291,-0.173,1.0,1.0
319,396,396,un,56,14,0.0,Yes,0.0,1.0,17.0,True,12.5,Dem,-0.006,0.611,0.0,0.0
320,397,397,f,76,13,1.0,Yes,0.0,0.0,11.0,True,16.5,Dem,-0.817,0.116,1.0,1.0
321,398,398,m,53,16,0.0,Yes,0.0,0.0,15.0,False,14.5,Dem,0.261,-0.706,0.0,0.0
322,401,401,m,86,14,2.0,Yes,0.0,1.0,19.0,True,1.5,MCI,0.99,-0.456,0.0,0.0
323,402,402,f,53,10,0.0,Yes,0.0,0.0,16.0,True,6.5,Dem,-1.193,0.77,1.0,0.0
324,403,403,f,55,20,1.0,Yes,0.0,1.0,20.0,True,14.5,Dem,-0.355,0.087,0.0,0.0
325,404,404,f,63,20,0.0,Yes,0.0,1.0,18.0,True,9.5,Dem,1.144,1.094,0.0,0.0
326,405,405,f,63,16,2.0,Yes,0.0,0.0,15.0,False,13.5,Dem,0.093,-0.029,0.0,0.0
327,406,406,f,56,15,1.0,Yes,0.0,1.0,14.99388379204893,True,2.5,MCI,-0.318,1.373,1.0,0.0
328,408,408,f,73,20,0.0,Yes,0.0,1.0,19.0,True,0.0,NC,-0.584,0.519,1.0,0.0
329,410,410,m,63,15,0.0,No,0.0,1.0,12.0,True,2.5,MCI,0.518,-0.511,0.0,0.0
330,411,411,u,62,14,1.0,Yes,0.0,0.0,14.0,True,0.0,NC,2.006,0.643,0.0,0.0
331,412,412,m,76,19,0.0,Yes,0.0,1.0,15.0,True,6.5,Dem,3.037,0.463,0.0,0.0
332,413,413,m,54,20,0.0,Yes,0.0,0.0,14.0,True,7.5,Dem,-0.056,-2.052,1.0,0.0
333,414,414,m,56,17,2.0,Yes,0.0,1.0,14.0,True,14.5,Dem,0.279,3.026,0.0,0.0
334,415,415,m,90,14,0.0,Yes,0.0,0.0,15.0,False,13.5,Dem,-0.898,0.555,1.0,0.0
335,416,416,f,76,12,1.0,Yes,0.0,0.0,16.0,True,7.5,Dem,-0.697,-0.491,1.0,0.0
336,419,419,m,71,18,1.0,Yes,0.0,0.0,16.0,True,0.0,NC,-1.114,0.067,1.0,0.0
337,420,420,f,53,10,2.0,Yes,0.0,0.0,14.0,True,0.5,MCI,-0.828,0.712,1.0,0.0
338,421,421,m,69,13,0.0,Yes,0.0,0.0,16.0,True,12.5,Dem,2.202,0.354,0.0,0.0
339,422,422,m,67,13,0.0,Yes,0.0,0.0,24.0,False,0.0,NC,-1.622,1.639,0.0,0.0
340,424,424,f,76,16,1.0,Yes,0.0,0.0,12.0,True,2.5,MCI,-0.065,1.481,0.0,0.0
341,425,425,f,90,18,0.0,Yes,0.0,0.0,17.0,True,0.0,NC,0.451,-0.857,1.0,0.0
342,426,426,m,51,14,0.0,No,0.0,0.0,17.0,True,10.5,Dem,-0.229,1.294,1.0,0.0
343,427,427,f,78,15,2.0,Yes,0.0,1.0,16.0,True,14.5,Dem,-0.634,0.077,1.0,1.0
344,428,428,m,72,12,0.0,No,0.0,1.0,14.0,True,7.5,Dem,0.444,1.977,0.0,0.0
345,429,429,f,75,12,0.0,Yes,0.0,0.0,14.99388379204893,True,5.5,Dem,1.289,-1.303,0.0,1.0
346,430,430,m,77,13,1.0,Yes,0.0,1.0,14.0,True,15.5,Dem,1.708,-0.342,0.0,1.0
347,431,431,un,86,16,0.0,Yes,0.0,1.0,16.0,True,3.5,MCI,-0.349,-1.098,0.0,0.0
348,433,433,f,82,20,1.0,Yes,0.0,1.0,15.0,True,15.5,Dem,-1.229,0.321,0.0,0.0
349,435,435,f,57,11,2.0,Yes,0.0,0.0,14.0,True,1.5,MCI,0.618,-0.627,0.0,0.0
350,437,437,un,79,10,2.0,Yes,0.0,1.0,12.0,True,5.5,Dem,-0.334,-0.077,1.0,1.0
351,438,438,m,72,19,1.0,No,0.0,0.0,9.0,True,7.5,Dem,0.112,0.5,0.0,0.0
352,439,439,f,52,19,0.0,Yes,0.0,0.0,13.0,True,17.5,Dem,-0.337,0.709,0.0,0.0
353,440,440,f,63,18,1.0,Yes,1.0,0.0,12.0,True,8.5,Dem,0.979,-1.094,0.0,0.0
354,441,441,m,70,17,0.0,Yes,0.0,1.0,12.0,True,0.5,MCI,0.909,0.15,1.0,0.0
355,443,443,m,78,15,2.0,Yes,0.0,0.0,14.0,True,3.5,MCI,0.364,0.632,0.0,0.0
356,444,444,m,72,12,0.0,Yes,1.0,0.0,12.0,True,2.5,MCI,0.46,-1.05,1.0,0.0
357,445,445,f,90,12,0.0,Yes,0.0,1.0,11.0,True,0.0,NC,0.898,1.084,0.0,0.0
358,447,447,m,82,19,0.0,Yes,0.0,0.0,18.0,True,9.5,Dem,0.556,1.785,0.0,0.0
359,448,448,m,79,14,1.0,Yes,0.0,0.0,13.0,True,2.5,MCI,-0.271,-0.145,1.0,0.0
360,449,449,m,72,19,0.0,Yes,0.0,0.0,16.0,True,1.5,MCI,0.698,-0.941,0.0,0.0
361,450,450,un,84,20,1.0,Yes,0.0,0.0,14.0,True,6.5,Dem,-0.232,-0.795,1.0,1.0
362,451,451,m,50,13,1.0,Yes,0.0,0.0,13.0,True,0.0,NC,1.144,0.364,1.0,0.0
363,452,452,u,63,14,0.0,Yes,0.0,1.0,13.0,True,11.5,Dem,-0.017,-2.182,1.0,0.0
364,453,453,m,50,14,1.0,Yes,0.0,0.0,12.0,True,0.0,NC,-1.855,-0.717,1.0,0.0
365,455,455,f,61,13,0.0,Yes,0.0,0.0,10.0,False,11.5,Dem,1.278,-0.458,0.0,0.0
366,456,456,m,77,13,2.0,No,0.0,0.0,20.0,True,4.5,Dem,0.016,0.67,1.0,0.0
367,457,457,m,86,16,1.0,Yes,0.0,0.0,11.0,True,0.5,MCI,-0.35,-1.184,0.0,0.0
368,460,460,f,85,18,1.0,No,0.0,0.0,13.0,True,14.5,Dem,0.056,-1.143,0.0,0.0
369,462,462,u,60,19,2.0,No,0.0,0.0,14.99388379204893,True,2.5,MCI,-0.629,-0.772,1.0,0.0
370,463,463,m,81,11,2.0,Yes,0.0,1.0,14.0,True,10.5,Dem,1.53,0.731,0.0,0.0
371,464,464,f,71,12,2.0,Yes,0.0,1.0,11.0,True,9.5,Dem,-0.842,0.787,1.0,0.0
372,465,465,m,59,18,0.0,No,0.0,1.0,14.99388379204893,True,17.5,Dem,1.213,-0.825,1.0,0.0
373,467,467,f,70,15,1.0,No,0.0,0.0,11.0,True,0.0,NC,1.284,1.242,1.0,0.0
374,468,468,m,57,10,1.0,Yes,0.0,0.0,16.0,True,11.5,Dem,-1.159,0.047,1.0,0.0
375,469,469,f,88,16,1.0,No,0.0,0.0,12.0,False,8.5,Dem,-0.865,-0.102,1.0,0.0
376,471,471,f,84,17,2.0,Yes,0.0,0.0,14.99388379204893,True,8.5,Dem,-0.72,0.578,1.0,0.0
377,472,472,m,83,20,0.0,No,0.0,1.0,14.0,True,0.5,MCI,2.803,1.502,1.0,1.0
378,473,473,f,72,19,2.0,Yes,0.0,0.0,11.0,True,5.5,Dem,-0.364,0.037,1.0,0.0
379,474,474,f,84,11,0.0,Yes,0.0,0.0,14.0,True,14.5,Dem,0.403,-1.551,1.0,0.0
380,475,475,f,80,11,0.0,Yes,0.0,0.0,16.0,True,0.0,NC,-1.342,0.084,0.0,0.0
381,476,476,f,84,12,0.0,Yes,0.0,0.0,12.0,True,7.5,Dem,0.102,-0.829,0.0,0.0
382,477,477,m,67,16,0.0,Yes,0.0,0.0,19.0,True,17.5,Dem,0.839,0.81,1.0,0.0
383,478,478,f,54,10,0.0,No,0.0,0.0,13.0,True,5.5,Dem,-2.046,-0.235,1.0,0.0
384,480,480,m,65,16,2.0,Yes,0.0,0.0,15.0,False,9.5,Dem,-0.678,1.093,1.0,0.0
385,481,481,un,63,16,1.0,Yes,0.0,1.0,12.0,True,6.5,Dem,0.129,0.274,1.0,0.0
386,482,482,m,84,11,2.0,Yes,0.0,0.0,14.0,True,2.5,MCI,0.295,-2.991,1.0,0.0
387,483,483,f,77,20,0.0,Yes,0.0,0.0,14.0,False,0.0,NC,-1.82,0.45,0.0,0.0
388,485,485,f,74,18,0.0,No,0.0,0.0,15.0,True,7.5,Dem,-0.352,-1.012,1.0,0.0
389,486,486,m,64,16,1.0,Yes,0.0,0.0,17.0,True,0.0,NC,0.123,-0.821,1.0,0.0
390,487,487,m,63,18,2.0,Yes,0.0,0.0,18.0,True,17.5,Dem,0.324,-2.019,1.0,0.0
391,488,488,m,59,14,1.0,Yes,0.0,1.0,12.0,True,8.5,Dem,1.466,0.039,0.0,0.0
392,489,489,m,52,10,1.0,Yes,0.0,0.0,14.99388379204893,True,10.5,Dem,-1.786,-0.063,1.0,0.0
393,490,490,f,68,19,0.0,Yes,0.0,0.0,15.0,True,17.5,Dem,0.931,-0.416,0.0,0.0
394,491,491,f,87,20,0.0,No,0.0,0.0,14.0,True,1.5,MCI,0.621,-0.902,0.0,0.0
395,493,493,f,80,12,1.0,No,0.0,1.0,18.0,True,9.5,Dem,-0.015,-0.545,0.0,0.0
396,494,494,f,85,20,1.0,Yes,0.0,0.0,12.0,True,7.5,Dem,0.281,0.312,0.0,0.0
397,495,495,f,82,15,1.0,No,0.0,0.0,12.0,True,6.5,Dem,2.051,0.198,0.0,0.0
398,497,497,f,88,18,0.0,Yes,0.0,0.0,18.0,True,1.5,MCI,-0.162,0.954,0.0,0.0
399,499,499,m,72,11,1.0,No,0.0,0.0,14.0,True,16.5,Dem,-0.72,-0.248,1.0,0.0
400,501,501,f,69,20,1.0,No,0.0,0.0,10.0,True,5.5,Dem,0.24,-0.956,1.0,0.0
401,502,502,m,50,12,2.0,Yes,0.0,0.0,19.0,True,3.5,MCI,1.201,0.911,0.0,0.0
402,503,503,un,61,11,0.0,Yes,0.0,0.0,15.0,False,8.5,Dem,-0.276,-0.522,1.0,0.0
403,505,505,m,80,19,0.0,Yes,0.0,0.0,20.0,True,4.5,Dem,-0.01,0.048,1.0,0.0
404,506,506,m,53,14,0.0,No,0.0,0.0,17.0,True,9.5,Dem,-2.323,1.325,0.0,0.0
405,507,507,f,56,10,0.0,Yes,0.0,0.0,14.0,True,6.5,Dem,-1.362,0.364,0.0,0.0
406,509,509,un,64,14,1.0,Yes,0.0,1.0,14.0,True,13.5,Dem,0.456,0.471,0.0,0.0
407,510,510,f,57,11,2.0,Yes,0.0,0.0,16.0,False,7.5,Dem,1.248,0.324,1.0,0.0
408,512,512,m,86,13,0.0,Yes,0.0,0.0,13.0,False,17.5,Dem,-0.943,-0.789,0.0,0.0
409,513,513,un,64,13,2.0,Yes,0.0,1.0,12.0,True,5.5,Dem,-1.554,0.317,1.0,0.0
410,514,514,m,68,12,2.0,Yes,0.0,1.0,13.0,True,16.5,Dem,-0.079,-0.323,1.0,0.0
411,515,515,m,67,16,2.0,Yes,0.0,0.0,12.0,True,17.5,Dem,-1.939,0.572,0.0,0.0
412,516,516,f,54,17,1.0,Yes,0.0,1.0,19.0,False,1.5,MCI,-0.256,-0.054,1.0,0.0
413,517,517,m,77,12,1.0,Yes,0.0,1.0,19.0,True,0.0,NC,-0.093,-0.07,0.0,0.0
414,518,518,m,57,11,0.0,Yes,0.0,1.0,13.0,True,7.5,Dem,-0.038,-0.327,1.0,1.0
415,519,519,un,82,10,1.0,Yes,0.0,0.0,15.0,True,0.0,NC,0.403,0.441,1.0,0.0
416,520,520,m,74,19,2.0,Yes,0.0,0.0,18.0,True,2.5,MCI,-0.487,1.017,1.0,0.0
417,522,522,m,79,17,2.0,No,0.0,0.0,13.0,True,17.5,Dem,1.02,-2.648,0.0,1.0
418,523,523,f,60,15,0.0,Yes,0.0,1.0,15.0,False,0.0,NC,-0.927,-0.72,1.0,0.0
419,525,525,f,63,11,1.0,Yes,0.0,1.0,15.0,True,0.5,MCI,-1.433,0.356,0.0,0.0
420,526,526,m,59,13,1.0,Yes,0.0,0.0,15.0,True,13.5,Dem,0.176,-1.07,1.0,0.0
421,527,527,f,58,10,0.0,Yes,0.0,0.0,16.0,True,4.5,Dem,0.179,-1.319,0.0,0.0
422,528,528,m,54,17,0.0,No,0.0,0.0,12.0,True,11.5,Dem,0.051,-2.155,1.0,0.0
423,530,530,f,84,18,1.0,Yes,0.0,1.0,15.0,True,2.5,MCI,0.969,0.193,0.0,0.0
424,531,531,m,82,10,0.0,Yes,0.0,0.0,14.99388379204893,True,4.5,Dem,0.61,-1.683,1.0,0.0
425,532,532,f,50,19,1.0,Yes,0.0,0.0,14.99388379204893,True,11.5,Dem,1.056,-0.846,1.0,0.0
426,533,533,m,90,17,2.0,No,0.0,0.0,16.0,True,0.5,MCI,-1.42,-2.035,1.0,0.0
427,534,534,m,75,19,0.0,No,0.0,1.0,16.0,True,13.5,Dem,-1.414,1.249,0.0,0.0
428,535,535,m,77,13,2.0,Yes,0.0,0.0,13.0,True,6.5,Dem,0.577,0.298,1.0,0.0
429,536,536,f,88,11,0.0,Yes,0.0,1.0,14.0,True,3.5,MCI,-1.01,1.827,1.0,0.0
430,538,538,m,61,10,2.0,Yes,0.0,0.0,14.99388379204893,True,11.5,Dem,0.917,1.183,0.0,0.0
431,541,541,f,59,14,0.0,Yes,0.0,0.0,16.0,False,5.5,Dem,0.926,0.989,1.0,0.0
432,544,544,f,71,10,0.0,No,0.0,0.0,18.0,True,0.0,NC,1.356,-1.424,0.0,0.0
433,546,546,un,88,12,1.0,Yes,0.0,0.0,18.0,True,12.5,Dem,0.403,0.273,1.0,0.0
434,548,548,f,83,11,0.0,Yes,0.0,0.0,12.0,True,3.5,MCI,-1.487,2.239,0.0,0.0
435,549,549,m,68,10,0.0,Yes,0.0,1.0,16.0,True,0.0,NC,2.148,-0.991,0.0,0.0
436,550,550,m,71,15,0.0,Yes,0.0,0.0,8.0,True,0.0,NC,-0.452,-1.439,1.0,0.0
437,551,551,m,64,10,0.0,Yes,0.0,0.0,15.0,True,14.5,Dem,0.141,-1.287,1.0,0.0
438,553,553,f,61,15,0.0,Yes,0.0,0.0,14.99388379204893,False,8.5,Dem,0.696,-0.505,0.0,0.0
439,555,555,u,58,15,0.0,Yes,0.0,0.0,14.0,False,12.5,Dem,1.364,-1.353,0.0,0.0
440,556,556,f,83,17,1.0,Yes,0.0,0.0,20.0,True,5.5,Dem,0.773,-0.957,1.0,0.0
441,557,557,f,70,12,1.0,No,0.0,1.0,17.0,True,16.5,Dem,-1.432,-0.01,0.0,0.0
442,558,558,u,74,19,0.0,Yes,0.0,0.0,16.0,True,16.5,Dem,0.486,-1.363,0.0,0.0
443,559,559,m,75,11,1.0,Yes,0.0,0.0,15.0,True,8.5,Dem,0.056,0.921,1.0,0.0
444,560,560,un,89,12,0.0,No,0.0,0.0,15.0,True,0.5,MCI,-0.218,-0.052,1.0,0.0
445,561,561,un,50,12,1.0,Yes,0.0,0.0,14.99388379204893,True,4.5,Dem,-1.306,0.566,1.0,1.0
446,562,562,m,64,13,1.0,Yes,0.0,1.0,15.0,True,16.5,Dem,0.609,0.606,0.0,0.0
447,563,563,f,74,18,1.0,No,0.0,0.0,9.0,True,0.0,NC,1.207,-0.95,1.0,0.0
448,564,564,f,55,17,0.0,Yes,0.0,1.0,10.0,True,15.5,Dem,-0.412,-1.029,0.0,0.0
449,566,566,m,62,19,0.0,Yes,0.0,0.0,14.0,True,11.5,Dem,1.26,0.515,0.0,0.0
450,567,567,m,54,18,0.0,Yes,0.0,0.0,22.0,True,10.5,Dem,0.186,-0.759,0.0,0.0
451,568,568,m,81,11,1.0,No,0.0,0.0,11.0,True,17.5,Dem,1.342,0.467,1.0,0.0
452,569,569,f,75,19,0.0,No,1.0,1.0,13.0,True,14.5,Dem,-0.109,0.48,1.0,0.0
453,572,572,m,78,11,0.0,Yes,0.0,0.0,13.0,True,7.5,Dem,-1.852,2.222,1.0,0.0
454,573,573,un,90,20,0.0,Yes,0.0,0.0,17.0,True,14.5,Dem,-0.309,0.331,0.0,0.0
455,574,574,u,69,18,0.0,No,0.0,0.0,12.0,True,0.0,NC,1.18,0.255,0.0,0.0
456,575,575,m,88,12,2.0,Yes,0.0,1.0,17.0,True,1.5,MCI,1.505,0.342,1.0,0.0
457,576,576,f,60,13,0.0,No,0.0,0.0,17.0,True,8.5,Dem,0.927,-0.841,1.0,0.0
458,577,577,m,73,18,0.0,No,1.0,0.0,15.0,True,17.5,Dem,-0.359,0.205,1.0,0.0
459,579,579,m,90,13,0.0,Yes,0.0,0.0,15.0,True,8.5,Dem,-0.309,1.675,0.0,0.0
460,580,580,m,68,16,2.0,Yes,0.0,0.0,11.0,True,1.5,MCI,-0.934,-0.981,0.0,0.0
461,581,581,m,73,16,1.0,Yes,0.0,0.0,16.0,True,4.5,Dem,-0.612,-0.052,1.0,0.0
462,582,582,m,90,15,1.0,Yes,0.0,0.0,17.0,True,1.5,MCI,-0.134,-0.185,0.0,0.0
463,583,583,f,76,16,0.0,Yes,0.0,0.0,11.0,True,0.0,NC,-0.704,-0.694,0.0,0.0
464,585,585,un,81,10,2.0,Yes,0.0,0.0,14.0,False,14.5,Dem,-0.711,-1.613,1.0,0.0
465,586,586,m,78,19,2.0,No,0.0,0.0,12.0,True,7.5,Dem,-1.349,-0.407,1.0,0.0
466,587,587,f,67,19,0.0,Yes,0.0,0.0,14.99388379204893,False,11.5,Dem,1.115,-0.395,1.0,0.0
467,588,588,f,72,16,0.0,Yes,0.0,1.0,19.0,True,11.5,Dem,-1.417,1.685,1.0,0.0
468,590,590,f,56,11,0.0,Yes,0.0,0.0,13.0,True,3.5,MCI,-1.726,-0.557,0.0,0.0
469,591,591,un,59,15,0.0,No,0.0,0.0,6.0,True,0.0,NC,-0.338,1.497,1.0,0.0
470,592,592,f,55,20,2.0,Yes,0.0,0.0,18.0,True,0.0,NC,-0.518,0.558,1.0,0.0
471,593,593,un,71,14,1.0,Yes,0.0,0.0,16.0,True,12.5,Dem,0.207,-2.648,1.0,0.0
472,594,594,f,52,18,0.0,Yes,0.0,0.0,14.0,True,0.0,NC,1.393,0.652,0.0,0.0
473,595,595,f,58,17,0.0,Yes,0.0,1.0,16.0,False,0.0,NC,1.694,-0.732,1.0,0.0
474,597,597,f,57,14,0.0,Yes,0.0,0.0,15.0,True,9.5,Dem,0.04,-1.146,0.0,0.0
475,598,598,m,58,12,2.0,Yes,0.0,0.0,17.0,True,0.0,NC,1.265,-0.055,0.0,1.0
476,599,599,m,56,20,0.0,Yes,0.0,0.0,14.99388379204893,True,12.5,Dem,0.135,-0.064,0.0,1.0
477,600,600,f,81,10,1.0,Yes,0.0,0.0,16.0,True,1.5,MCI,0.765,-0.437,0.0,1.0
478,601,601,m,54,19,0.0,No,0.0,1.0,14.99388379204893,True,1.5,MCI,-0.023,1.617,1.0,0.0
479,602,602,m,56,14,2.0,Yes,0.0,1.0,19.0,False,4.5,Dem,-0.485,1.483,0.0,0.0
480,603,603,f,62,18,1.0,No,1.0,0.0,21.0,True,0.0,NC,-0.304,0.251,1.0,0.0
481,604,604,m,74,15,2.0,No,0.0,0.0,14.0,True,1.5,MCI,-0.137,-1.559,1.0,0.0
482,605,605,m,67,20,0.0,Yes,0.0,0.0,12.0,True,0.0,NC,0.117,-0.095,0.0,0.0
483,606,606,m,60,11,2.0,Yes,1.0,0.0,15.0,True,4.5,Dem,0.802,1.161,1.0,1.0
484,607,607,f,74,16,1.0,Yes,0.0,0.0,16.0,True,3.5,MCI,-0.47,-0.076,1.0,0.0
485,608,608,m,65,17,0.0,Yes,0.0,0.0,18.0,True,12.5,Dem,0.272,0.686,0.0,0.0
486,609,609,m,84,13,2.0,Yes,0.0,1.0,11.0,True,17.5,Dem,0.284,0.313,0.0,0.0
487,610,610,u,50,16,1.0,Yes,0.0,0.0,14.0,False,0.0,NC,-0.246,-0.232,0.0,0.0
488,611,611,f,71,13,2.0,Yes,0.0,0.0,16.0,True,3.5,MCI,0.658,0.202,0.0,0.0
489,612,612,m,74,14,1.0,Yes,0.0,1.0,14.99388379204893,True,1.5,MCI,0.467,-2.176,0.0,0.0
490,613,613,m,90,17,1.0,Yes,0.0,0.0,19.0,True,8.5,Dem,0.75,0.69,1.0,0.0
491,614,614,m,85,20,0.0,Yes,0.0,0.0,12.0,True,0.0,NC,-0.845,1.308,1.0,0.0
492,616,616,m,79,16,2.0,Yes,0.0,1.0,14.99388379204893,True,9.5,Dem,-0.536,-0.186,1.0,1.0
493,617,617,m,80,12,0.0,Yes,0.0,0.0,15.0,True,0.0,NC,-0.509,0.523,1.0,0.0
494,619,619,f,52,16,1.0,Yes,0.0,0.0,14.99388379204893,True,1.5,MCI,-0.342,0.593,0.0,0.0
495,620,620,m,56,16,0.0,Yes,0.0,0.0,17.0,True,9.5,Dem,-0.78,1.531,1.0,0.0
496,621,621,m,69,12,0.0,Yes,0.0,0.0,20.0,True,1.5,MCI,1.409,0.895,1.0,0.0
497,622,622,m,85,10,1.0,Yes,0.0,0.0,16.0,False,15.5,Dem,1.4,1.3,0.0,0.0
498,623,623,f,58,12,1.0,Yes,0.0,1.0,14.99388379204893,False,11.5,Dem,0.596,0.681,1.0,0.0
499,624,624,m,53,18,0.0,Yes,0.0,1.0,16.0,True,12.5,Dem,1.334,0.874,1.0,0.0
500,625,625,f,65,10,1.0,Yes,1.0,0.0,14.99388379204893,True,0.0,NC,0.665,1.313,1.0,0.0
501,626,626,f,80,11,0.0,Yes,0.0,0.0,18.0,True,11.5,Dem,0.861,-0.128,1.0,0.0
502,627,627,f,77,18,0.0,No,0.0,1.0,14.0,True,10.5,Dem,-0.522,-1.484,0.0,0.0
503,628,628,m,88,20,0.0,No,0.0,0.0,14.99388379204893,True,9.5,Dem,1.112,0.402,0.0,0.0
504,629,629,m,57,15,0.0,Yes,0.0,1.0,18.0,True,16.5,Dem,-0.787,-0.576,1.0,0.0
505,630,630,m,54,11,0.0,Yes,0.0,0.0,16.0,True,15.5,Dem,-2.02,1.579,0.0,0.0
506,631,631,f,70,18,1.0,Yes,0.0,0.0,14.0,True,0.0,NC,-0.555,-1.488,0.0,0.0
507,632,632,f,77,17,0.0,No,0.0,1.0,12.0,True,0.5,MCI,-0.097,-0.066,1.0,0.0
508,633,633,m,63,11,1.0,Yes,0.0,0.0,16.0,True,10.5,Dem,0.653,0.589,1.0,0.0
509,635,635,m,88,13,2.0,Yes,0.0,0.0,16.0,True,3.5,MCI,-0.757,0.461,0.0,0.0
510,636,636,f,62,19,2.0,No,0.0,0.0,14.0,True,6.5,Dem,-0.864,0.036,0.0,0.0
511,637,637,m,64,11,1.0,Yes,0.0,1.0,10.0,True,14.5,Dem,0.289,-0.179,0.0,0.0
512,638,638,f,87,10,2.0,Yes,0.0,0.0,14.99388379204893,False,2.5,MCI,0.667,-0.771,0.0,0.0
513,640,640,f,63,19,1.0,Yes,0.0,0.0,17.0,True,5.5,Dem,-0.411,0.917,1.0,0.0
514,641,641,m,66,20,1.0,Yes,0.0,0.0,17.0,True,6.5,Dem,-0.508,-0.881,0.0,0.0
515,642,642,m,76,16,0.0,Yes,0.0,0.0,15.0,True,3.5,MCI,-0.136,-0.254,0.0,0.0
516,643,643,f,69,10,0.0,Yes,0.0,0.0,15.0,True,0.0,NC,-0.603,-2.033,0.0,0.0
517,644,644,m,64,20,0.0,Yes,0.0,0.0,16.0,True,3.5,MCI,-0.691,0.893,1.0,0.0
518,645,645,m,60,11,0.0,Yes,0.0,0.0,14.0,True,4.5,Dem,-0.122,0.31,0.0,0.0
519,646,646,f,70,19,0.0,No,0.0,0.0,11.0,True,0.0,NC,-0.193,-0.511,1.0,0.0
520,647,647,f,79,15,1.0,Yes,0.0,0.0,17.0,True,11.5,Dem,0.248,0.141,1.0,0.0
521,648,648,f,55,12,1.0,No,0.0,1.0,12.0,True,10.5,Dem,0.402,1.001,1.0,0.0
522,649,649,m,77,20,0.0,Yes,0.0,0.0,12.0,True,0.0,NC,3.944,-0.473,0.0,0.0
523,650,650,f,59,15,2.0,No,0.0,0.0,18.0,True,1.5,MCI,1.733,-0.283,1.0,0.0
524,651,651,f,84,17,1.0,Yes,0.0,1.0,16.0,True,13.5,Dem,1.542,0.12,1.0,0.0
525,652,652,f,60,11,0.0,Yes,0.0,0.0,14.0,True,3.5,MCI,0.357,1.184,1.0,0.0
526,653,653,f,69,20,0.0,Yes,0.0,0.0,11.0,True,1.5,MCI,-0.923,-1.019,1.0,0.0
527,654,654,m,63,14,1.0,Yes,0.0,1.0,16.0,True,0.5,MCI,0.447,0.799,1.0,0.0
528,655,655,f,80,13,2.0,No,0.0,0.0,13.0,True,16.5,Dem,1.791,-1.107,0.0,0.0
529,656,656,f,54,13,2.0,Yes,0.0,0.0,18.0,True,0.0,NC,-0.445,0.143,1.0,0.0
530,657,657,u,87,10,1.0,No,0.0,0.0,15.0,True,3.5,MCI,1.373,-2.317,1.0,0.0
531,658,658,m,81,15,0.0,No,0.0,0.0,13.0,True,16.5,Dem,-1.984,-0.146,1.0,0.0
532,659,659,m,75,20,1.0,Yes,0.0,0.0,18.0,True,0.5,MCI,1.739,-0.67,0.0,0.0
533,661,661,f,58,17,0.0,Yes,0.0,0.0,14.0,True,15.5,Dem,0.132,0.024,1.0,0.0
534,663,663,m,50,14,0.0,Yes,0.0,0.0,12.0,True,0.0,NC,-0.025,1.458,0.0,0.0
535,664,664,f,51,11,2.0,Yes,0.0,0.0,20.0,True,10.5,Dem,0.362,1.364,1.0,0.0
536,665,665,m,62,11,2.0,No,0.0,0.0,12.0,True,14.5,Dem,0.269,0.396,1.0,0.0
537,667,667,m,73,10,1.0,Yes,0.0,0.0,17.0,True,12.5,Dem,0.373,-0.471,1.0,0.0
538,668,668,f,72,10,2.0,Yes,0.0,0.0,12.0,True,0.0,NC,0.005,-0.095,0.0,0.0
539,669,669,m,57,15,2.0,Yes,0.0,0.0,14.99388379204893,True,3.5,MCI,0.595,-1.485,0.0,0.0
540,670,670,m,79,17,2.0,Yes,0.0,0.0,18.0,True,0.0,NC,-1.399,-0.595,1.0,0.0
541,671,671,f,59,14,2.0,Yes,0.0,0.0,16.0,True,0.0,NC,-0.405,0.267,1.0,0.0
542,674,674,m,68,20,1.0,Yes,0.0,0.0,14.99388379204893,True,8.5,Dem,-0.085,0.484,1.0,0.0
543,677,677,f,65,15,0.0,No,1.0,1.0,14.0,True,8.5,Dem,-1.061,-0.215,1.0,0.0
544,678,678,u,66,11,0.0,No,0.0,0.0,15.0,True,11.5,Dem,-1.544,-0.274,1.0,0.0
545,679,679,m,73,16,1.0,No,0.0,1.0,17.0,True,0.0,NC,0.152,2.172,1.0,0.0
546,680,680,f,77,14,1.0,Yes,0.0,0.0,14.99388379204893,True,12.5,Dem,-0.574,-1.966,0.0,0.0
547,681,681,m,53,11,1.0,Yes,0.0,0.0,9.0,True,10.5,Dem,0.99,0.537,1.0,0.0
548,682,682,m,59,16,2.0,No,0.0,0.0,14.0,True,16.5,Dem,-0.248,-2.388,0.0,0.0
549,683,683,f,58,14,0.0,No,0.0,0.0,16.0,True,0.0,NC,-0.575,0.775,1.0,0.0
550,684,684,m,62,17,0.0,No,0.0,0.0,14.0,True,13.5,Dem,-0.036,0.532,0.0,0.0
551,685,685,m,57,12,1.0,Yes,1.0,0.0,11.0,True,5.5,Dem,0.21,0.687,0.0,0.0
552,686,686,un,57,18,0.0,Yes,0.0,1.0,14.99388379204893,True,16.5,Dem,-0.394,1.479,1.0,0.0
553,687,687,m,63,15,0.0,No,0.0,0.0,15.0,True,1.5,MCI,-0.674,0.339,0.0,0.0
554,688,688,un,65,10,0.0,No,0.0,1.0,16.0,True,15.5,Dem,1.185,0.559,0.0,0.0
555,690,690,m,65,17,1.0,Yes,0.0,1.0,14.99388379204893,True,1.5,MCI,-1.203,-0.493,0.0,0.0
556,691,691,m,85,10,2.0,Yes,0.0,0.0,12.0,True,16.5,Dem,-0.674,0.715,1.0,0.0
557,692,692,m,79,14,2.0,Yes,0.0,1.0,17.0,True,12.5,Dem,-0.077,-0.392,0.0,0.0
558,693,693,f,70,10,2.0,Yes,0.0,0.0,17.0,True,15.5,Dem,-0.447,1.293,1.0,1.0
559,694,694,un,80,19,0.0,Yes,0.0,1.0,11.0,True,16.5,Dem,-0.538,0.299,1.0,0.0
560,697,697,f,54,16,0.0,Yes,0.0,1.0,14.0,True,4.5,Dem,2.091,1.393,0.0,0.0
561,698,698,f,61,10,0.0,Yes,0.0,0.0,14.0,True,1.5,MCI,0.663,-0.067,1.0,0.0
562,699,699,m,85,16,0.0,Yes,0.0,1.0,18.0,True,11.5,Dem,0.108,0.171,1.0,0.0
563,701,701,f,77,11,0.0,No,0.0,0.0,13.0,True,1.5,MCI,-2.765,1.767,1.0,0.0
564,702,702,u,62,12,1.0,Yes,0.0,0.0,14.99388379204893,True,2.5,MCI,0.942,-0.116,0.0,0.0
565,703,703,f,51,15,0.0,Yes,0.0,0.0,19.0,True,5.5,Dem,-1.034,0.258,1.0,0.0
566,704,704,m,87,12,2.0,Yes,0.0,0.0,9.0,False,0.0,NC,-0.3,-0.147,0.0,0.0
567,705,705,u,60,16,2.0,Yes,1.0,0.0,14.99388379204893,True,3.5,MCI,1.65,0.099,1.0,0.0
568,706,706,m,50,16,0.0,Yes,0.0,0.0,14.99388379204893,True,7.5,Dem,0.119,-0.098,0.0,0.0
569,708,708,m,79,16,2.0,Yes,0.0,0.0,13.0,True,16.5,Dem,-1.186,-0.148,0.0,0.0
570,710,710,m,73,14,1.0,No,0.0,0.0,17.0,True,1.5,MCI,0.113,2.024,1.0,0.0
571,711,711,m,70,12,1.0,Yes,0.0,0.0,13.0,True,11.5,Dem,-0.261,0.557,0.0,0.0
572,713,713,f,72,13,1.0,Yes,0.0,0.0,14.0,True,4.5,Dem,0.858,-0.175,0.0,0.0
573,714,714,f,89,18,1.0,Yes,0.0,0.0,14.0,True,0.0,NC,0.462,1.46,0.0,0.0
574,715,715,f,89,20,2.0,Yes,0.0,0.0,16.0,True,4.5,Dem,1.046,1.514,0.0,0.0
575,716,716,m,79,16,1.0,Yes,0.0,0.0,13.0,True,5.5,Dem,-1.051,0.48,1.0,0.0
576,717,717,m,69,12,0.0,Yes,0.0,0.0,15.0,True,0.0,NC,0.509,0.19,1.0,0.0
577,718,718,u,51,12,1.0,Yes,0.0,0.0,16.0,True,3.5,MCI,1.443,0.704,0.0,0.0
578,719,719,m,72,17,0.0,No,0.0,1.0,19.0,True,13.5,Dem,-0.33,1.351,1.0,0.0
579,720,720,un,72,20,1.0,No,0.0,1.0,18.0,True,11.5,Dem,-1.885,-0.574,1.0,0.0
580,721,721,m,56,16,0.0,Yes,0.0,1.0,17.0,False,15.5,Dem,0.368,-1.12,1.0,0.0
581,722,722,f,74,10,1.0,Yes,0.0,0.0,18.0,True,0.0,NC,0.428,0.178,1.0,0.0
582,723,723,m,52,11,0.0,Yes,0.0,0.0,17.0,True,0.0,NC,-0.898,-1.104,1.0,0.0
583,725,725,f,65,18,2.0,Yes,0.0,1.0,14.0,True,11.5,Dem,-0.613,1.55,1.0,0.0
584,727,727,m,64,14,1.0,Yes,0.0,0.0,11.0,True,3.5,MCI,-1.674,-0.801,0.0,0.0
585,728,728,m,78,15,1.0,Yes,0.0,0.0,14.99388379204893,False,0.0,NC,0.935,0.94,0.0,0.0
586,729,729,un,50,13,1.0,Yes,0.0,1.0,15.0,True,4.5,Dem,-2.115,1.262,0.0,0.0
587,730,730,f,67,15,0.0,Yes,0.0,0.0,19.0,True,4.5,Dem,-0.672,-0.853,0.0,0.0
588,731,731,m,81,13,0.0,Yes,0.0,0.0,14.99388379204893,True,0.0,NC,1.773,1.461,1.0,0.0
589,732,732,m,54,18,1.0,No,0.0,0.0,15.0,True,5.5,Dem,0.487,0.996,0.0,0.0
590,733,733,f,57,20,1.0,Yes,0.0,0.0,17.0,True,13.5,Dem,1.139,0.814,0.0,0.0
591,734,734,f,69,12,0.0,Yes,1.0,0.0,15.0,False,0.0,NC,0.363,-1.591,0.0,0.0
592,735,735,f,59,12,0.0,Yes,0.0,1.0,18.0,True,3.5,MCI,1.068,0.203,1.0,0.0
593,736,736,f,67,10,0.0,Yes,0.0,1.0,19.0,False,11.5,Dem,-0.469,2.074,1.0,0.0
594,737,737,m,66,19,1.0,No,0.0,0.0,14.0,True,2.5,MCI,0.057,1.127,1.0,1.0
595,739,739,f,50,19,0.0,Yes,0.0,0.0,11.0,True,7.5,Dem,0.265,0.981,1.0,0.0
596,740,740,f,63,17,0.0,Yes,1.0,0.0,16.0,True,0.0,NC,-0.541,0.6,0.0,0.0
597,741,741,f,90,12,0.0,No,0.0,0.0,17.0,True,1.5,MCI,0.661,-1.563,0.0,0.0
598,744,744,f,51,17,0.0,Yes,0.0,0.0,19.0,True,14.5,Dem,0.321,-0.906,0.0,0.0
599,747,747,f,74,18,1.0,Yes,0.0,1.0,12.0,True,14.5,Dem,-2.692,-1.001,1.0,0.0
600,748,748,f,69,14,2.0,Yes,0.0,0.0,14.0,True,7.5,Dem,-1.152,-0.171,0.0,0.0
601,749,749,m,90,11,0.0,Yes,0.0,0.0,10.0,True,0.5,MCI,0.068,-0.053,1.0,0.0
602,750,750,f,51,18,0.0,No,0.0,1.0,11.0,True,9.5,Dem,2.06,-0.392,1.0,0.0
603,751,751,f,80,12,0.0,Yes,0.0,0.0,11.0,True,12.5,Dem,0.179,-0.452,1.0,0.0
604,752,752,m,55,19,0.0,No,0.0,1.0,15.0,True,5.5,Dem,1.341,0.257,1.0,0.0
605,753,753,f,55,18,0.0,Yes,0.0,0.0,13.0,True,6.5,Dem,-0.501,-0.397,0.0,0.0
606,754,754,f,77,16,0.0,Yes,0.0,0.0,21.0,False,3.5,MCI,-0.328,-0.244,1.0,0.0
607,755,755,f,62,18,0.0,Yes,0.0,0.0,18.0,True,13.5,Dem,0.897,-0.462,0.0,0.0
608,756,756,f,71,14,2.0,Yes,0.0,0.0,16.0,True,8.5,Dem,-0.448,-1.383,0.0,0.0
609,757,757,m,71,11,2.0,Yes,0.0,1.0,13.0,False,8.5,Dem,0.234,1.791,0.0,0.0
610,758,758,u,69,18,0.0,Yes,0.0,0.0,15.0,True,6.5,Dem,0.143,-0.376,0.0,0.0
611,759,759,f,68,14,0.0,No,0.0,0.0,18.0,True,8.5,Dem,0.808,-0.2,0.0,0.0
612,760,760,m,52,12,2.0,Yes,0.0,0.0,14.99388379204893,True,16.5,Dem,0.848,-1.164,1.0,0.0
613,761,761,un,61,10,1.0,Yes,0.0,0.0,15.0,True,6.5,Dem,-0.192,0.226,1.0,0.0
614,762,762,m,89,20,0.0,Yes,0.0,0.0,16.0,True,1.5,MCI,-0.25,0.097,0.0,0.0
615,763,763,f,69,20,0.0,Yes,0.0,0.0,20.0,False,0.0,NC,-1.463,-0.628,0.0,0.0
616,764,764,f,72,16,1.0,Yes,0.0,1.0,10.0,True,1.5,MCI,0.026,-0.118,0.0,0.0
617,767,767,m,59,12,0.0,Yes,0.0,0.0,10.0,True,5.5,Dem,1.102,-0.548,1.0,1.0
618,768,768,un,85,15,1.0,No,0.0,0.0,18.0,True,7.5,Dem,-0.043,-0.713,0.0,0.0
619,769,769,m,86,14,0.0,Yes,0.0,0.0,12.0,True,11.5,Dem,-0.206,-1.195,1.0,0.0
620,770,770,f,59,12,0.0,Yes,0.0,0.0,13.0,True,11.5,Dem,0.096,-0.97,0.0,0.0
621,771,771,m,71,13,1.0,Yes,0.0,0.0,9.0,False,4.5,Dem,-0.638,-1.812,0.0,0.0
622,772,772,f,64,10,0.0,Yes,0.0,0.0,16.0,True,0.5,MCI,-0.963,-0.128,0.0,0.0
623,774,774,f,62,18,1.0,Yes,0.0,0.0,14.0,True,2.5,MCI,-1.816,0.349,1.0,0.0
624,775,775,f,70,15,0.0,Yes,0.0,0.0,13.0,True,0.5,MCI,-0.69,-1.638,0.0,0.0
625,777,777,f,89,14,1.0,Yes,0.0,0.0,18.0,True,17.5,Dem,-0.547,0.631,1.0,0.0
626,778,778,f,75,12,2.0,No,0.0,0.0,15.0,True,5.5,Dem,-1.531,1.304,1.0,0.0
627,780,780,f,56,13,1.0,Yes,0.0,0.0,17.0,True,13.5,Dem,-1.156,2.07,1.0,0.0
628,781,781,m,67,15,1.0,Yes,0.0,1.0,12.0,True,9.5,Dem,-0.555,-0.61,0.0,0.0
629,783,783,m,61,17,1.0,No,0.0,1.0,15.0,True,15.5,Dem,1.518,-0.267,1.0,0.0
630,784,784,f,87,20,2.0,Yes,0.0,0.0,17.0,True,0.0,NC,-0.847,-1.01,0.0,0.0
631,785,785,f,80,15,0.0,No,0.0,1.0,16.0,True,12.5,Dem,0.919,-0.297,0.0,0.0
632,786,786,f,76,16,0.0,Yes,0.0,1.0,14.99388379204893,True,6.5,Dem,-0.201,-1.796,1.0,0.0
633,787,787,f,85,10,1.0,No,0.0,0.0,16.0,True,14.5,Dem,0.889,-1.07,1.0,0.0
634,788,788,m,70,18,1.0,Yes,0.0,0.0,16.0,True,5.5,Dem,0.389,-0.043,1.0,1.0
635,789,789,m,88,11,0.0,No,0.0,0.0,11.0,True,2.5,MCI,1.648,1.598,0.0,0.0
636,790,790,m,69,20,1.0,Yes,0.0,0.0,10.0,True,8.5,Dem,0.573,-0.68,1.0,0.0
637,792,792,m,83,14,0.0,Yes,0.0,0.0,15.0,True,10.5,Dem,-1.617,1.672,1.0,0.0
638,793,793,f,74,17,0.0,Yes,0.0,0.0,10.0,True,7.5,Dem,-0.107,-0.81,0.0,0.0
639,794,794,m,67,12,1.0,No,0.0,1.0,16.0,True,12.5,Dem,0.699,-0.966,0.0,0.0
640,795,795,f,79,14,0.0,No,0.0,0.0,19.0,True,0.0,NC,-0.542,1.088,1.0,0.0
641,796,796,f,81,19,1.0,No,0.0,1.0,18.0,True,16.5,Dem,-0.981,0.156,0.0,0.0
642,797,797,f,59,18,1.0,No,0.0,0.0,16.0,True,4.5,Dem,0.304,-0.206,1.0,0.0
643,798,798,m,65,12,0.0,Yes,0.0,0.0,12.0,True,15.5,Dem,-0.009,-0.589,0.0,0.0
644,799,799,m,88,12,2.0,Yes,1.0,0.0,12.0,True,8.5,Dem,-1.153,-0.517,1.0,0.0
645,800,800,f,53,11,2.0,Yes,0.0,1.0,8.0,True,13.5,Dem,-1.886,-0.004,0.0,0.0
646,801,801,f,86,16,0.0,No,0.0,0.0,10.0,True,15.5,Dem,-0.401,1.179,0.0,0.0
647,802,802,f,81,11,0.0,No,0.0,0.0,16.0,True,11.5,Dem,0.168,-0.345,0.0,0.0
648,803,803,m,86,14,0.0,Yes,0.0,1.0,13.0,True,0.0,NC,0.303,0.088,0.0,0.0
649,804,804,m,69,19,1.0,Yes,0.0,0.0,15.0,True,6.5,Dem,0.482,-2.729,1.0,0.0
650,805,805,m,69,15,2.0,Yes,0.0,1.0,11.0,True,0.0,NC,0.909,-0.241,1.0,0.0
651,806,806,m,50,10,2.0,Yes,0.0,1.0,19.0,True,3.5,MCI,-0.276,-0.607,1.0,0.0
652,807,807,f,86,10,1.0,Yes,0.0,0.0,17.0,True,5.5,Dem,1.099,0.611,1.0,0.0
653,808,808,m,52,15,2.0,Yes,0.0,0.0,11.0,True,0.0,NC,0.937,-0.64,0.0,0.0
654,809,809,m,60,11,0.0,Yes,0.0,1.0,14.0,True,14.5,Dem,1.366,-0.482,1.0,0.0
655,810,810,m,78,15,2.0,Yes,0.0,1.0,19.0,True,16.5,Dem,1.113,0.494,1.0,0.0
656,812,812,f,60,17,0.0,No,0.0,0.0,16.0,True,10.5,Dem,0.287,1.645,1.0,0.0
657,813,813,un,86,18,1.0,Yes,0.0,0.0,13.0,True,1.5,MCI,-0.608,-0.354,0.0,0.0
658,814,814,f,85,16,2.0,Yes,0.0,0.0,15.0,True,6.5,Dem,0.502,1.503,0.0,0.0
659,815,815,u,65,13,0.0,Yes,0.0,0.0,13.0,True,0.5,MCI,-0.901,-0.714,0.0,0.0
660,816,816,m,58,13,1.0,No,0.0,1.0,13.0,True,12.5,Dem,-1.057,-0.491,0.0,0.0
661,817,817,f,85,13,1.0,Yes,0.0,0.0,19.0,True,1.5,MCI,-0.59,-1.159,0.0,0.0
662,818,818,m,84,19,0.0,Yes,0.0,0.0,12.0,True,6.5,Dem,-0.768,-0.987,1.0,0.0
663,819,819,un,73,11,1.0,No,0.0,0.0,18.0,True,16.5,Dem,-0.058,0.186,0.0,1.0
664,820,820,m,53,16,1.0,Yes,0.0,0.0,16.0,True,10.5,Dem,-1.586,0.317,1.0,0.0
665,821,821,f,70,19,0.0,Yes,1.0,0.0,11.0,True,4.5,Dem,1.865,-0.917,1.0,0.0
666,822,822,m,85,18,0.0,No,0.0,0.0,16.0,True,9.5,Dem,-0.449,1.475,0.0,1.0
667,823,823,f,76,18,0.0,No,0.0,0.0,18.0,True,10.5,Dem,1.646,-0.657,0.0,0.0
668,824,824,m,67,12,1.0,Yes,0.0,0.0,15.0,False,13.5,Dem,0.353,-0.175,0.0,0.0
669,825,825,u,84,13,0.0,Yes,0.0,1.0,17.0,True,4.5,Dem,1.261,-0.16,0.0,0.0
670,826,826,u,85,11,2.0,Yes,0.0,0.0,14.99388379204893,True,0.0,NC,1.002,-0.008,1.0,0.0
671,828,828,f,67,14,0.0,Yes,0.0,0.0,16.0,True,1.5,MCI,-0.25,0.636,0.0,0.0
672,830,830,u,72,18,0.0,Yes,0.0,0.0,17.0,False,0.0,NC,-1.047,1.59,0.0,0.0
673,831,831,f,68,16,0.0,Yes,0.0,0.0,10.0,False,16.5,Dem,1.774,0.709,0.0,0.0
674,832,832,m,67,15,1.0,Yes,0.0,0.0,14.0,True,3.5,MCI,-0.185,0.505,1.0,0.0
675,835,835,m,69,12,0.0,No,0.0,1.0,9.0,True,17.5,Dem,-0.41,0.125,1.0,0.0
676,836,836,u,62,18,0.0,Yes,0.0,0.0,16.0,False,0.0,NC,-0.079,1.448,1.0,0.0
677,837,837,f,50,11,0.0,Yes,0.0,0.0,16.0,True,15.5,Dem,0.354,0.489,1.0,0.0
678,838,838,m,81,19,2.0,Yes,1.0,0.0,16.0,True,0.0,NC,-1.674,-0.16,1.0,0.0
679,839,839,un,73,18,2.0,Yes,0.0,1.0,13.0,True,0.0,NC,-0.212,0.755,0.0,0.0
680,840,840,m,50,19,0.0,Yes,0.0,1.0,16.0,True,1.5,MCI,0.398,-0.129,0.0,0.0
681,841,841,un,75,18,2.0,No,0.0,0.0,13.0,True,9.5,Dem,-0.361,-1.383,1.0,0.0
682,842,842,f,88,14,1.0,Yes,0.0,0.0,14.0,True,2.5,MCI,0.063,-0.699,1.0,0.0
683,843,843,m,85,10,1.0,Yes,0.0,0.0,18.0,True,2.5,MCI,0.762,1.358,0.0,1.0
684,844,844,m,76,18,1.0,Yes,0.0,0.0,13.0,True,0.5,MCI,-1.294,1.397,0.0,0.0
685,846,846,f,67,13,0.0,No,0.0,1.0,10.0,True,0.0,NC,-1.015,1.797,0.0,0.0
686,847,847,m,90,14,0.0,Yes,0.0,0.0,17.0,True,12.5,Dem,1.165,0.012,1.0,0.0
687,848,848,m,85,17,0.0,Yes,0.0,1.0,18.0,False,11.5,Dem,1.427,-0.787,0.0,0.0
688,849,849,m,77,11,0.0,Yes,0.0,0.0,12.0,True,1.5,MCI,1.847,-0.998,0.0,0.0
689,850,850,m,63,10,2.0,Yes,0.0,0.0,14.99388379204893,True,0.0,NC,1.477,-0.281,0.0,0.0
690,852,852,m,80,12,2.0,No,1.0,0.0,16.0,True,5.5,Dem,0.863,0.394,0.0,0.0
691,853,853,un,88,13,1.0,No,0.0,1.0,14.99388379204893,True,11.5,Dem,0.732,-0.425,0.0,0.0
692,855,855,un,61,12,1.0,Yes,0.0,0.0,14.99388379204893,True,15.5,Dem,-0.522,-1.763,1.0,0.0
693,857,857,f,86,17,1.0,Yes,0.0,0.0,13.0,True,13.5,Dem,0.754,-0.004,0.0,0.0
694,858,858,f,53,13,1.0,No,1.0,0.0,16.0,True,8.5,Dem,0.013,0.293,0.0,0.0
695,859,859,f,78,11,2.0,Yes,0.0,0.0,18.0,False,12.5,Dem,-1.504,0.079,0.0,0.0
696,860,860,f,66,10,0.0,Yes,0.0,0.0,15.0,True,4.5,Dem,0.552,1.319,1.0,0.0
697,861,861,f,65,19,1.0,Yes,0.0,0.0,14.0,True,16.5,Dem,-1.069,1.207,0.0,0.0
698,862,862,m,58,11,1.0,Yes,0.0,0.0,13.0,True,2.5,MCI,-0.997,-0.469,1.0,0.0
699,863,863,m,79,20,1.0,Yes,0.0,0.0,17.0,True,11.5,Dem,0.951,1.257,1.0,0.0
700,864,864,f,89,13,0.0,Yes,0.0,0.0,17.0,True,11.5,Dem,-1.451,1.78,1.0,0.0
701,865,865,m,61,11,0.0,Yes,1.0,0.0,18.0,True,16.5,Dem,-1.357,1.489,1.0,0.0
702,866,866,m,55,18,0.0,No,0.0,0.0,20.0,True,17.5,Dem,-0.942,-1.652,1.0,0.0
703,867,867,f,55,16,0.0,Yes,0.0,1.0,14.0,True,11.5,Dem,-1.088,-1.461,0.0,0.0
704,868,868,f,67,19,2.0,Yes,0.0,0.0,15.0,True,2.5,MCI,-1.429,-0.283,0.0,0.0
705,869,869,m,82,19,1.0,Yes,0.0,1.0,13.0,True,14.5,Dem,0.445,-1.191,1.0,0.0
706,870,870,m,62,17,1.0,No,0.0,0.0,16.0,True,15.5,Dem,-0.617,-0.631,1.0,0.0
707,872,872,m,82,15,0.0,No,0.0,0.0,16.0,True,3.5,MCI,-0.396,0.835,1.0,0.0
708,873,873,m,83,19,1.0,No,1.0,0.0,15.0,True,17.5,Dem,-0.075,-0.823,0.0,0.0
709,874,874,f,75,15,2.0,Yes,0.0,1.0,13.0,True,14.5,Dem,0.382,1.039,1.0,0.0
710,875,875,f,50,13,2.0,Yes,0.0,1.0,21.0,True,0.0,NC,0.125,0.299,1.0,0.0
711,876,876,m,81,17,2.0,Yes,0.0,0.0,17.0,True,0.5,MCI,0.631,0.714,1.0,0.0
712,877,877,un,82,19,1.0,Yes,0.0,0.0,11.0,True,15.5,Dem,2.467,0.971,1.0,0.0
713,878,878,f,55,16,0.0,Yes,0.0,0.0,14.0,True,8.5,Dem,-0.978,0.836,1.0,0.0
714,879,879,f,77,14,1.0,No,0.0,0.0,21.0,True,15.5,Dem,0.565,-0.421,0.0,0.0
715,881,881,f,63,18,1.0,Yes,0.0,0.0,14.99388379204893,False,2.5,MCI,2.304,0.714,1.0,1.0
716,882,882,f,54,20,0.0,Yes,0.0,1.0,13.0,True,17.5,Dem,-0.117,1.008,0.0,0.0
717,884,884,m,67,13,0.0,No,0.0,1.0,8.0,True,9.5,Dem,-0.098,1.098,0.0,0.0
718,886,886,m,60,11,2.0,Yes,0.0,1.0,18.0,True,14.5,Dem,-1.314,1.492,0.0,0.0
719,887,887,m,79,16,0.0,No,0.0,0.0,14.99388379204893,True,9.5,Dem,0.04,0.0,1.0,1.0
720,888,888,f,61,14,1.0,No,0.0,1.0,15.0,True,16.5,Dem,-0.801,1.806,0.0,0.0
721,889,889,f,50,19,2.0,Yes,0.0,1.0,13.0,True,5.5,Dem,-1.303,1.053,1.0,0.0
722,890,890,f,53,10,0.0,Yes,0.0,0.0,19.0,True,3.5,MCI,0.506,-0.166,0.0,0.0
723,891,891,f,71,18,0.0,No,1.0,0.0,14.0,True,5.5,Dem,-1.067,-0.267,0.0,0.0
724,893,893,m,83,11,0.0,Yes,0.0,0.0,13.0,True,12.5,Dem,-0.451,-0.135,1.0,0.0
725,894,894,f,73,18,0.0,Yes,0.0,1.0,11.0,True,8.5,Dem,1.325,0.682,1.0,0.0
726,897,897,m,81,13,1.0,Yes,0.0,1.0,15.0,True,11.5,Dem,0.338,1.311,0.0,0.0
727,898,898,m,70,16,1.0,Yes,0.0,1.0,13.0,True,16.5,Dem,0.464,-0.094,1.0,0.0
728,899,899,un,57,14,2.0,No,0.0,0.0,12.0,True,2.5,MCI,0.761,-2.687,1.0,0.0
