,Unnamed: 0,sex,age_years,years_education,APOE4,family_dementia_history,AMYL,TAUO,NEUROD,mmse_total,Depression,cdr_sob,LHVL,LHVR,VASCULAR,dx_change
0,0,f,51,11,0.0,Yes,0.0,0.0,1.0,16.0,False,16.5,-1.701,-0.521,0.0,False
1,1,m,76,10,2.0,Yes,0.0,0.0,0.0,14.0,True,1.5,0.254,0.025,1.0,False
2,2,f,61,14,0.0,Yes,0.0,0.0,0.0,15.0,True,5.5,-0.642,-0.657,1.0,False
3,4,m,56,19,2.0,Yes,0.0,0.0,0.0,20.0,True,10.5,-0.909,-0.139,0.0,False
4,5,f,80,19,2.0,Yes,0.0,1.0,0.0,17.0,True,0.5,-0.025,-0.679,1.0,True
6,7,m,62,19,0.0,No,0.0,0.0,0.0,13.0,True,3.5,1.125,0.646,1.0,True
7,8,f,75,19,2.0,No,0.0,0.0,0.0,11.0,True,9.5,-0.632,-1.346,0.0,False
9,10,f,50,15,0.0,No,0.0,0.0,0.0,14.995756718528996,True,12.5,0.251,-2.013,1.0,False
10,11,m,90,18,0.0,Yes,1.0,0.0,0.0,18.0,True,16.5,-0.366,-0.248,0.0,False
11,12,m,52,11,1.0,Yes,0.0,0.0,1.0,14.995756718528996,True,2.5,-1.993,0.204,1.0,False
13,14,f,56,17,0.0,Yes,0.0,0.0,1.0,15.0,True,0.5,-1.02,-0.851,1.0,True
14,15,m,51,16,0.0,Yes,0.0,0.0,0.0,14.0,True,9.5,-1.505,1.469,1.0,False
15,16,f,63,17,1.0,Yes,0.0,0.0,1.0,12.0,True,4.5,0.795,-1.024,1.0,False
16,17,m,70,12,0.0,Yes,0.0,0.0,0.0,14.995756718528996,True,1.5,0.787,0.298,0.0,True
17,18,f,78,15,0.0,Yes,0.0,0.0,0.0,17.0,True,4.5,-0.054,1.557,0.0,False
19,20,m,61,17,0.0,Yes,0.0,0.0,0.0,12.0,True,4.5,0.123,0.102,1.0,False
20,21,m,71,16,1.0,Yes,0.0,0.0,1.0,14.0,True,5.5,-1.085,-1.094,1.0,False
21,22,m,77,20,1.0,Yes,0.0,0.0,0.0,14.995756718528996,False,12.5,-1.279,0.218,0.0,False
22,23,m,74,18,0.0,No,0.0,0.0,1.0,20.0,True,0.0,-0.408,0.453,0.0,False
23,24,f,90,20,2.0,No,0.0,0.0,1.0,16.0,False,0.0,1.448,1.109,1.0,True
24,25,m,84,17,0.0,Yes,0.0,0.0,0.0,9.0,True,17.5,1.859,0.456,1.0,False
25,26,un,75,11,0.0,Yes,0.0,0.0,0.0,16.0,True,15.5,0.941,1.316,0.0,False
26,27,u,58,16,1.0,Yes,0.0,0.0,0.0,15.0,True,5.5,-0.067,-0.876,1.0,False
27,28,un,82,20,2.0,Yes,0.0,0.0,0.0,18.0,True,11.5,-0.032,-1.64,1.0,False
28,29,m,63,19,1.0,No,0.0,0.0,1.0,14.0,True,15.5,-0.666,1.891,1.0,False
30,31,m,61,11,0.0,No,0.0,0.0,0.0,11.0,True,1.5,0.835,-1.109,0.0,True
31,32,m,63,19,0.0,Yes,0.0,0.0,1.0,22.0,True,9.5,-0.412,0.433,0.0,False
33,34,f,69,10,2.0,Yes,0.0,0.0,1.0,13.0,True,5.5,-1.541,-0.951,0.0,False
35,36,m,71,14,2.0,Yes,0.0,0.0,1.0,17.0,True,7.5,-1.452,-0.001,0.0,False
36,37,m,62,18,1.0,Yes,1.0,0.0,0.0,14.995756718528996,True,14.5,-0.66,-1.0,0.0,False
37,38,m,54,12,0.0,Yes,0.0,0.0,1.0,13.0,True,5.5,0.674,-0.908,0.0,False
38,39,f,85,13,0.0,Yes,0.0,0.0,0.0,13.0,True,11.5,0.367,-0.487,1.0,False
40,42,f,79,18,0.0,Yes,0.0,0.0,0.0,18.0,True,0.5,0.673,1.007,1.0,True
41,43,f,58,12,0.0,Yes,0.0,0.0,0.0,14.0,True,12.5,-0.539,-1.094,1.0,False
42,44,un,58,12,1.0,No,0.0,0.0,0.0,20.0,True,0.5,0.728,0.64,1.0,True
43,45,m,62,18,0.0,Yes,0.0,0.0,1.0,14.995756718528996,True,0.5,-0.827,0.082,1.0,True
44,46,f,90,10,0.0,No,1.0,1.0,1.0,14.995756718528996,True,3.5,-1.405,0.026,0.0,True
45,47,m,83,17,1.0,Yes,0.0,0.0,0.0,15.0,True,16.5,0.646,-0.368,1.0,False
46,48,m,80,14,0.0,Yes,0.0,0.0,1.0,11.0,True,0.0,0.916,1.087,0.0,False
47,49,f,78,20,2.0,Yes,0.0,0.0,1.0,14.0,True,0.0,0.232,-0.704,1.0,False
49,51,f,58,13,1.0,Yes,0.0,0.0,1.0,15.0,True,15.5,0.603,-0.96,0.0,False
51,53,f,64,14,2.0,Yes,1.0,0.0,1.0,13.0,False,10.5,0.166,0.492,0.0,False
54,56,f,65,20,0.0,No,0.0,0.0,0.0,17.0,True,2.5,-1.62,0.495,1.0,False
55,57,m,72,13,0.0,Yes,0.0,0.0,0.0,14.0,False,1.5,-1.217,0.879,1.0,False
56,58,m,61,19,1.0,Yes,0.0,0.0,1.0,17.0,True,6.5,-0.158,0.05,1.0,False
57,59,m,89,18,0.0,No,0.0,0.0,0.0,16.0,True,2.5,-0.611,0.637,0.0,False
58,60,f,60,13,0.0,No,0.0,0.0,0.0,17.0,True,15.5,-1.509,0.57,0.0,False
59,61,m,62,18,2.0,Yes,0.0,0.0,0.0,9.0,True,9.5,-0.577,-0.083,0.0,False
61,63,f,88,12,0.0,Yes,0.0,0.0,0.0,18.0,True,0.0,1.513,0.256,0.0,True
62,64,f,53,18,0.0,Yes,0.0,0.0,0.0,13.0,True,11.5,0.853,0.151,0.0,False
64,66,f,88,18,0.0,No,0.0,0.0,0.0,14.0,True,17.5,-1.034,-2.328,0.0,False
66,68,m,86,16,0.0,Yes,0.0,0.0,0.0,12.0,True,17.5,-0.971,0.859,0.0,False
67,69,f,62,16,0.0,No,0.0,0.0,1.0,16.0,True,2.5,-0.475,1.123,0.0,True
69,71,m,69,14,0.0,Yes,0.0,0.0,0.0,16.0,True,0.0,-1.428,1.023,0.0,True
70,72,m,63,18,0.0,Yes,0.0,0.0,0.0,12.0,True,0.0,-0.422,-2.525,1.0,True
71,73,m,72,20,0.0,No,0.0,0.0,0.0,16.0,True,6.5,1.426,0.802,1.0,False
72,74,un,55,14,2.0,No,0.0,0.0,0.0,14.0,True,8.5,1.286,-1.068,0.0,False
73,75,m,83,17,0.0,Yes,0.0,0.0,1.0,13.0,True,6.5,1.446,-0.075,1.0,False
74,77,f,86,13,0.0,Yes,0.0,0.0,1.0,17.0,True,14.5,-0.451,2.195,1.0,False
75,78,f,57,14,1.0,Yes,0.0,0.0,0.0,14.995756718528996,False,15.5,-0.533,-1.427,0.0,False
78,81,f,61,12,0.0,No,0.0,1.0,1.0,19.0,True,8.5,0.009,0.08,0.0,False
79,82,m,68,20,2.0,No,0.0,0.0,1.0,15.0,True,9.5,-0.255,-0.501,1.0,False
80,83,f,74,10,1.0,Yes,0.0,0.0,0.0,13.0,True,14.5,2.678,2.619,0.0,False
81,84,f,62,20,0.0,Yes,0.0,0.0,0.0,13.0,True,5.5,0.373,-0.762,1.0,False
82,85,f,86,13,0.0,Yes,0.0,0.0,1.0,9.0,True,5.5,0.79,0.214,1.0,False
85,88,f,51,14,0.0,Yes,0.0,0.0,0.0,14.995756718528996,True,14.5,-0.786,0.125,1.0,False
86,89,m,82,15,1.0,No,0.0,0.0,0.0,14.995756718528996,True,7.5,-0.466,-0.074,1.0,False
87,90,m,68,17,1.0,No,0.0,0.0,0.0,18.0,True,1.5,0.801,-1.229,1.0,False
88,91,f,61,10,1.0,Yes,0.0,0.0,0.0,17.0,False,2.5,0.088,-2.089,0.0,False
89,92,f,64,11,0.0,No,0.0,0.0,1.0,18.0,True,15.5,-0.538,0.95,1.0,False
90,93,m,72,16,0.0,Yes,0.0,0.0,0.0,15.0,False,9.5,0.074,1.005,1.0,False
91,94,f,50,12,0.0,Yes,0.0,0.0,0.0,13.0,True,16.5,0.207,0.972,1.0,False
92,95,f,62,12,1.0,Yes,0.0,0.0,0.0,20.0,False,4.5,1.937,-1.034,0.0,False
93,96,f,79,14,0.0,Yes,0.0,0.0,0.0,15.0,True,9.5,0.461,0.415,1.0,False
95,98,f,50,13,1.0,Yes,0.0,0.0,0.0,11.0,True,13.5,0.006,-1.31,1.0,False
96,100,m,90,14,1.0,Yes,0.0,0.0,1.0,11.0,True,5.5,0.134,0.952,1.0,False
98,103,m,86,14,0.0,Yes,0.0,0.0,1.0,12.0,True,14.5,-1.14,1.052,0.0,False
99,104,u,61,10,1.0,Yes,0.0,0.0,0.0,15.0,True,1.5,0.326,-1.38,0.0,False
100,105,u,55,20,2.0,No,0.0,1.0,0.0,17.0,True,3.5,0.3,0.794,1.0,False
101,106,f,63,17,0.0,Yes,0.0,0.0,0.0,14.0,True,16.5,-0.091,-1.205,1.0,False
102,107,m,75,19,0.0,Yes,0.0,0.0,0.0,11.0,True,3.5,0.071,-1.026,1.0,False
103,108,f,83,16,0.0,No,0.0,1.0,0.0,18.0,True,5.5,-0.157,-0.431,0.0,False
105,110,f,84,19,0.0,Yes,0.0,0.0,1.0,18.0,True,7.5,0.464,0.477,0.0,False
106,111,f,66,14,0.0,Yes,0.0,0.0,0.0,12.0,True,5.5,0.208,0.309,0.0,False
107,112,m,85,10,1.0,No,0.0,0.0,0.0,14.0,True,0.0,1.286,1.46,1.0,False
108,113,f,50,10,0.0,Yes,0.0,0.0,0.0,10.0,True,4.5,-0.948,-1.65,1.0,False
109,114,m,89,19,1.0,Yes,0.0,0.0,1.0,17.0,True,16.5,0.117,-0.788,0.0,False
110,115,f,67,19,1.0,Yes,1.0,0.0,1.0,14.995756718528996,False,11.5,0.335,0.864,1.0,False
111,116,f,66,11,0.0,No,0.0,0.0,0.0,19.0,True,5.5,-1.541,0.499,1.0,False
113,118,f,51,12,0.0,Yes,0.0,0.0,0.0,14.0,True,11.5,0.46,1.308,0.0,False
114,119,m,69,10,0.0,Yes,0.0,0.0,0.0,10.0,True,10.5,-0.422,1.29,0.0,False
116,121,m,84,10,0.0,Yes,1.0,0.0,1.0,15.0,True,9.5,-0.048,1.227,0.0,False
117,122,u,60,19,1.0,No,0.0,0.0,1.0,19.0,True,13.5,-0.255,-1.385,1.0,False
118,123,m,55,18,1.0,Yes,0.0,0.0,0.0,19.0,True,0.0,-0.766,-0.291,1.0,True
119,124,f,58,17,2.0,Yes,0.0,0.0,1.0,12.0,True,12.5,1.798,0.406,1.0,False
120,125,m,52,10,0.0,Yes,0.0,0.0,0.0,16.0,True,12.5,1.188,-1.563,0.0,False
121,127,m,81,13,1.0,Yes,0.0,0.0,1.0,14.995756718528996,True,6.5,0.872,0.261,1.0,False
123,129,m,59,18,1.0,No,0.0,0.0,1.0,16.0,True,11.5,1.771,0.78,0.0,False
126,132,m,61,16,0.0,No,0.0,0.0,0.0,20.0,True,11.5,-0.255,0.849,0.0,False
127,133,un,77,17,0.0,Yes,0.0,0.0,1.0,12.0,True,5.5,0.961,1.288,1.0,False
128,134,f,72,15,0.0,Yes,0.0,0.0,0.0,15.0,True,7.5,0.045,2.145,1.0,False
129,135,u,78,19,0.0,Yes,0.0,0.0,1.0,14.0,False,10.5,-1.51,-0.752,0.0,False
133,139,m,87,20,2.0,Yes,0.0,1.0,1.0,15.0,True,9.5,-1.59,-0.177,0.0,False
134,140,f,52,11,0.0,Yes,0.0,0.0,0.0,20.0,True,13.5,-0.897,-0.132,0.0,False
136,142,m,61,20,0.0,No,1.0,0.0,1.0,19.0,True,2.5,-1.333,-0.199,1.0,True
137,143,m,68,15,0.0,Yes,0.0,0.0,1.0,17.0,True,0.0,0.258,-1.275,1.0,True
139,145,m,76,15,1.0,Yes,0.0,0.0,0.0,16.0,True,0.5,-1.499,-0.579,0.0,False
140,146,m,79,12,0.0,Yes,0.0,0.0,0.0,15.0,True,4.5,1.055,-1.894,0.0,False
141,147,m,89,14,1.0,No,0.0,0.0,1.0,13.0,True,8.5,1.492,1.027,1.0,False
142,148,f,55,14,0.0,Yes,0.0,0.0,0.0,14.0,True,13.5,-0.102,-1.517,1.0,False
144,150,m,81,19,0.0,No,0.0,0.0,0.0,14.995756718528996,True,8.5,-1.699,-0.699,0.0,False
147,153,f,54,15,2.0,Yes,0.0,0.0,0.0,18.0,True,0.5,1.317,-3.101,0.0,False
148,154,m,78,15,0.0,No,0.0,0.0,1.0,20.0,True,0.5,-0.423,0.471,0.0,True
149,155,m,78,14,1.0,No,0.0,0.0,1.0,18.0,True,6.5,0.011,1.009,0.0,False
150,156,m,55,20,0.0,Yes,0.0,0.0,1.0,19.0,True,8.5,1.244,2.579,1.0,False
151,157,un,55,11,0.0,No,0.0,0.0,0.0,16.0,True,8.5,-0.435,-0.357,1.0,False
152,158,f,68,19,0.0,Yes,0.0,0.0,0.0,12.0,False,14.5,0.227,-1.582,0.0,False
153,159,un,75,13,2.0,No,0.0,0.0,0.0,15.0,True,10.5,-1.524,2.674,1.0,False
154,160,f,66,16,0.0,Yes,0.0,0.0,1.0,14.0,True,14.5,1.043,0.604,1.0,False
155,161,m,61,10,1.0,Yes,0.0,0.0,1.0,12.0,True,10.5,-0.596,1.083,0.0,False
156,162,f,51,19,1.0,No,0.0,0.0,1.0,17.0,True,0.0,-0.131,-1.653,0.0,True
157,163,m,71,11,0.0,No,0.0,0.0,0.0,15.0,True,1.5,1.175,-3.3,0.0,True
158,164,f,83,18,0.0,No,0.0,0.0,0.0,15.0,True,0.0,-0.663,-0.17,1.0,True
159,165,f,76,18,0.0,No,0.0,0.0,0.0,15.0,True,14.5,0.08,-2.505,1.0,False
160,166,m,83,10,0.0,Yes,0.0,0.0,0.0,14.0,True,0.5,-1.145,-0.267,0.0,True
162,168,m,89,10,1.0,Yes,1.0,0.0,0.0,21.0,True,0.0,1.503,-0.013,1.0,True
163,169,u,86,10,1.0,Yes,0.0,0.0,1.0,19.0,True,0.0,1.058,-0.506,1.0,False
165,171,m,86,15,0.0,Yes,0.0,0.0,0.0,16.0,True,0.0,-0.814,-1.731,0.0,False
166,172,m,68,13,2.0,Yes,0.0,0.0,1.0,14.0,True,14.5,-1.368,0.508,1.0,False
167,173,u,77,12,2.0,Yes,0.0,0.0,0.0,16.0,True,8.5,0.413,0.741,1.0,False
168,174,f,54,10,0.0,Yes,1.0,0.0,0.0,14.995756718528996,True,12.5,0.251,-0.128,1.0,False
169,175,m,62,17,1.0,Yes,0.0,0.0,0.0,16.0,True,12.5,0.036,0.01,0.0,False
170,176,m,84,14,1.0,Yes,0.0,0.0,1.0,16.0,True,10.5,-0.358,-0.204,1.0,False
171,177,f,65,14,0.0,No,1.0,0.0,0.0,12.0,True,3.5,1.001,-0.9,1.0,True
172,178,m,85,18,0.0,Yes,0.0,0.0,0.0,15.0,True,11.5,-0.463,-1.172,1.0,False
173,180,m,85,18,0.0,No,0.0,0.0,0.0,14.995756718528996,True,1.5,0.191,0.524,0.0,True
174,181,f,50,18,2.0,No,0.0,0.0,1.0,18.0,True,13.5,0.029,-0.521,0.0,False
175,182,m,77,19,0.0,Yes,0.0,0.0,0.0,14.995756718528996,True,4.5,0.584,-0.09,0.0,False
176,183,f,67,19,0.0,No,0.0,0.0,0.0,13.0,True,15.5,0.983,-0.242,1.0,False
177,184,u,53,17,2.0,Yes,0.0,0.0,0.0,8.0,True,13.5,0.595,0.656,0.0,False
178,185,f,89,17,0.0,No,0.0,0.0,0.0,11.0,True,0.5,-0.664,0.488,0.0,True
179,186,f,81,16,2.0,Yes,1.0,0.0,0.0,14.0,True,4.5,-0.844,-0.229,1.0,False
180,187,m,59,18,0.0,Yes,0.0,0.0,0.0,15.0,True,0.0,1.788,-2.33,1.0,True
183,191,m,69,10,2.0,Yes,0.0,0.0,0.0,16.0,True,9.5,0.164,2.639,0.0,False
184,192,m,69,15,0.0,No,0.0,0.0,0.0,8.0,True,0.0,-0.355,-0.246,1.0,True
185,193,f,52,17,0.0,Yes,0.0,0.0,1.0,14.995756718528996,True,9.5,-0.409,0.748,1.0,False
186,195,m,64,16,1.0,No,1.0,0.0,0.0,21.0,True,5.5,0.46,-0.212,0.0,False
187,196,m,59,20,1.0,Yes,0.0,0.0,0.0,17.0,True,3.5,0.933,1.165,1.0,True
188,197,m,54,19,0.0,Yes,0.0,0.0,0.0,16.0,True,9.5,-0.118,-0.371,1.0,False
189,198,f,51,14,2.0,Yes,0.0,0.0,0.0,13.0,True,0.0,-1.029,-1.332,0.0,False
190,199,m,56,17,1.0,Yes,0.0,0.0,0.0,18.0,True,9.5,2.46,0.723,0.0,False
191,200,f,85,17,1.0,No,0.0,0.0,0.0,11.0,True,1.5,0.081,-1.654,0.0,True
192,201,m,72,14,1.0,No,0.0,0.0,0.0,14.0,True,0.0,0.303,0.573,0.0,True
193,202,un,90,18,0.0,No,0.0,0.0,0.0,13.0,True,3.5,0.329,-1.482,0.0,True
195,204,f,82,17,1.0,No,0.0,0.0,1.0,16.0,True,0.0,-1.233,0.319,0.0,True
196,205,m,67,11,0.0,Yes,0.0,0.0,0.0,17.0,True,16.5,0.755,-1.33,0.0,False
198,207,f,61,15,0.0,Yes,0.0,0.0,0.0,14.995756718528996,True,14.5,-1.76,-0.018,0.0,False
200,209,m,85,17,0.0,No,1.0,0.0,0.0,14.995756718528996,True,1.5,-0.747,0.4,1.0,True
201,210,m,61,10,0.0,Yes,0.0,0.0,1.0,18.0,True,9.5,0.581,0.019,0.0,False
202,211,f,88,13,0.0,No,0.0,0.0,0.0,16.0,True,13.5,-0.077,-1.095,0.0,False
203,212,f,51,16,1.0,Yes,0.0,0.0,0.0,20.0,True,10.5,0.236,1.283,0.0,False
204,213,f,88,15,0.0,No,0.0,0.0,1.0,10.0,True,4.5,-0.331,-0.651,0.0,False
205,214,f,63,17,0.0,Yes,0.0,0.0,1.0,15.0,True,0.5,-0.671,-0.698,1.0,False
206,215,f,66,10,0.0,No,1.0,0.0,1.0,21.0,True,2.5,-0.124,0.129,0.0,True
207,216,f,78,10,0.0,No,0.0,0.0,0.0,16.0,True,4.5,-0.684,-2.142,0.0,False
208,217,m,89,15,1.0,Yes,0.0,0.0,0.0,17.0,True,0.0,-0.386,0.318,0.0,False
209,218,f,83,12,1.0,Yes,0.0,0.0,0.0,14.995756718528996,True,14.5,0.618,0.468,1.0,False
210,219,f,53,14,1.0,Yes,0.0,0.0,0.0,14.995756718528996,True,6.5,-1.87,0.325,0.0,False
211,220,m,56,20,0.0,Yes,0.0,0.0,0.0,11.0,True,4.5,-0.351,0.288,1.0,False
212,221,f,80,13,0.0,Yes,0.0,0.0,0.0,15.0,True,0.0,-0.08,0.285,1.0,True
213,222,f,57,19,2.0,Yes,0.0,0.0,0.0,15.0,True,11.5,-1.359,-0.645,0.0,False
215,224,m,71,14,0.0,Yes,0.0,0.0,1.0,16.0,True,16.5,0.261,0.575,0.0,False
216,225,f,60,20,1.0,Yes,0.0,0.0,1.0,18.0,True,17.5,1.741,-2.999,0.0,False
217,226,f,67,16,1.0,Yes,0.0,0.0,0.0,12.0,True,0.0,-0.216,0.551,1.0,False
218,228,m,68,20,1.0,Yes,0.0,0.0,1.0,13.0,True,14.5,-1.083,-0.484,1.0,False
219,229,m,52,19,1.0,Yes,0.0,0.0,1.0,17.0,True,0.0,1.727,-1.204,1.0,False
220,230,f,90,14,0.0,Yes,0.0,0.0,0.0,16.0,True,0.0,-2.284,-0.828,0.0,True
221,231,m,88,12,0.0,Yes,0.0,0.0,0.0,17.0,True,0.0,0.53,-0.332,0.0,True
222,232,f,77,14,2.0,Yes,0.0,0.0,1.0,13.0,True,0.0,0.876,-0.598,1.0,True
223,233,m,76,17,1.0,Yes,0.0,0.0,0.0,15.0,True,16.5,-1.696,-0.219,1.0,False
226,236,f,59,14,1.0,Yes,0.0,0.0,0.0,14.0,False,2.5,-1.392,1.726,0.0,False
227,237,f,76,14,0.0,Yes,0.0,0.0,1.0,16.0,False,10.5,1.267,0.826,0.0,False
228,238,f,55,19,0.0,Yes,0.0,0.0,0.0,15.0,True,3.5,-0.231,0.795,1.0,False
229,239,m,76,14,2.0,Yes,0.0,0.0,0.0,14.0,False,6.5,0.503,0.808,1.0,False
230,241,f,54,13,0.0,Yes,0.0,0.0,0.0,14.0,True,0.0,1.726,-0.055,0.0,False
231,242,f,80,20,1.0,Yes,0.0,0.0,1.0,15.0,True,3.5,-0.62,-0.16,1.0,False
232,243,f,69,12,0.0,Yes,0.0,0.0,0.0,15.0,True,0.0,0.096,0.074,0.0,True
233,244,u,69,11,0.0,Yes,0.0,0.0,0.0,16.0,True,14.5,1.443,0.466,1.0,False
234,245,m,51,18,2.0,Yes,0.0,0.0,0.0,11.0,True,17.5,0.832,-0.632,0.0,False
235,246,f,75,18,1.0,Yes,0.0,0.0,0.0,17.0,True,0.0,0.684,-0.424,0.0,True
236,247,m,52,16,0.0,Yes,0.0,0.0,0.0,18.0,True,2.5,-0.273,-0.254,0.0,False
237,248,m,65,19,1.0,No,0.0,0.0,0.0,16.0,True,0.0,-1.474,-0.733,0.0,False
238,249,f,69,18,2.0,Yes,0.0,0.0,0.0,17.0,True,13.5,-1.93,-2.394,1.0,False
240,251,m,74,20,2.0,Yes,0.0,0.0,0.0,13.0,True,0.0,-1.341,-0.162,0.0,True
241,252,f,81,15,1.0,Yes,0.0,0.0,1.0,19.0,True,0.5,-0.215,-0.209,0.0,True
242,253,m,56,15,1.0,No,0.0,0.0,1.0,13.0,True,12.5,-1.217,0.486,1.0,False
243,256,m,74,18,1.0,Yes,1.0,0.0,0.0,22.0,True,7.5,-0.02,1.289,0.0,False
244,257,m,61,13,1.0,Yes,0.0,0.0,0.0,13.0,True,0.0,-0.413,-0.417,0.0,True
245,258,m,76,12,0.0,No,0.0,0.0,1.0,16.0,True,0.5,0.641,1.309,1.0,True
246,259,m,78,12,1.0,Yes,0.0,0.0,1.0,18.0,True,5.5,-0.442,-2.045,0.0,False
247,260,f,90,11,2.0,No,0.0,0.0,1.0,14.995756718528996,True,0.0,-0.752,-0.081,0.0,True
248,261,f,73,20,1.0,Yes,0.0,0.0,1.0,19.0,False,17.5,-0.245,-1.146,0.0,False
249,262,f,51,19,0.0,No,0.0,0.0,0.0,14.0,True,0.0,1.151,-0.539,0.0,True
250,263,m,82,15,2.0,Yes,0.0,0.0,0.0,18.0,True,16.5,-0.665,1.448,1.0,False
251,264,f,63,15,1.0,Yes,0.0,0.0,0.0,13.0,True,1.5,-0.984,1.563,0.0,False
252,266,m,64,15,1.0,Yes,0.0,0.0,1.0,19.0,True,12.5,2.278,-1.036,1.0,False
253,267,m,84,13,0.0,Yes,1.0,0.0,0.0,12.0,True,10.5,0.244,1.298,0.0,False
254,268,f,68,19,0.0,No,1.0,0.0,0.0,14.0,True,0.0,-0.593,-0.973,1.0,True
255,270,f,74,12,0.0,No,0.0,0.0,0.0,16.0,False,10.5,0.516,1.473,0.0,False
256,271,m,87,10,0.0,Yes,0.0,0.0,0.0,12.0,True,4.5,-0.298,1.131,0.0,False
257,272,f,87,12,1.0,Yes,0.0,0.0,1.0,13.0,True,8.5,-0.853,-0.265,1.0,False
258,273,m,89,10,2.0,No,0.0,0.0,1.0,17.0,True,4.5,0.228,-0.22,0.0,False
259,274,f,77,13,0.0,Yes,0.0,0.0,0.0,14.0,True,10.5,-0.732,-0.067,1.0,False
260,275,un,68,13,1.0,No,1.0,0.0,0.0,16.0,True,17.5,0.316,1.213,1.0,False
261,276,f,61,20,0.0,Yes,0.0,0.0,1.0,19.0,True,2.5,1.563,-0.15,1.0,True
263,278,m,76,15,0.0,Yes,0.0,0.0,0.0,21.0,True,12.5,-0.28,-0.16,0.0,False
264,279,f,55,20,0.0,Yes,0.0,0.0,1.0,13.0,True,0.0,0.949,2.126,1.0,True
265,280,f,51,19,0.0,Yes,0.0,0.0,0.0,16.0,False,14.5,-1.56,-2.019,0.0,False
267,282,u,81,13,0.0,Yes,0.0,0.0,0.0,14.0,True,8.5,-1.118,-0.618,0.0,False
268,283,f,90,13,0.0,Yes,0.0,0.0,1.0,13.0,True,10.5,0.538,0.364,0.0,False
269,284,m,89,17,0.0,Yes,0.0,1.0,0.0,17.0,True,0.5,0.212,-0.247,1.0,True
270,285,f,62,15,0.0,Yes,0.0,0.0,1.0,13.0,False,0.0,-0.757,0.216,0.0,False
271,286,m,60,14,1.0,Yes,0.0,0.0,1.0,17.0,True,0.0,-0.925,1.397,1.0,True
272,287,m,50,20,2.0,Yes,0.0,0.0,0.0,14.995756718528996,True,0.5,1.352,1.0,0.0,False
274,289,f,57,19,0.0,Yes,0.0,0.0,1.0,16.0,True,0.5,0.163,1.529,0.0,True
275,290,f,56,15,0.0,Yes,0.0,0.0,0.0,14.995756718528996,True,0.5,-2.353,1.815,0.0,False
276,291,m,61,17,0.0,Yes,0.0,0.0,1.0,19.0,True,16.5,0.309,-0.856,1.0,False
277,292,m,90,17,0.0,Yes,0.0,0.0,0.0,10.0,True,0.0,-0.253,-0.516,1.0,True
278,293,f,64,18,0.0,No,0.0,0.0,1.0,14.995756718528996,True,0.5,1.044,0.856,1.0,True
279,294,u,58,14,0.0,No,0.0,0.0,0.0,14.0,True,9.5,-0.787,-1.098,1.0,False
280,295,f,80,10,1.0,No,0.0,0.0,0.0,10.0,True,9.5,-0.352,1.368,1.0,False
281,296,f,80,14,0.0,No,0.0,0.0,1.0,18.0,True,3.5,1.163,-0.522,0.0,False
282,297,f,64,20,0.0,Yes,0.0,0.0,0.0,16.0,True,2.5,-1.93,1.47,0.0,True
283,298,f,75,13,0.0,Yes,0.0,0.0,0.0,14.0,True,3.5,1.652,0.184,1.0,True
284,299,u,70,11,1.0,Yes,0.0,0.0,1.0,13.0,True,0.0,1.163,1.98,0.0,False
285,300,m,63,14,0.0,Yes,0.0,0.0,0.0,18.0,True,6.5,0.644,0.159,0.0,False
286,301,f,90,20,0.0,No,0.0,0.0,0.0,16.0,True,3.5,-1.224,-0.833,0.0,False
287,302,m,50,15,0.0,Yes,0.0,0.0,0.0,18.0,True,3.5,1.024,0.06,1.0,True
288,303,f,57,20,1.0,No,0.0,0.0,1.0,15.0,True,3.5,0.076,0.336,1.0,True
289,304,u,60,20,2.0,Yes,0.0,0.0,0.0,17.0,True,13.5,-0.111,1.002,0.0,False
290,305,f,51,13,0.0,Yes,0.0,0.0,1.0,14.995756718528996,True,11.5,-1.45,0.771,0.0,False
291,306,f,76,19,2.0,Yes,0.0,0.0,0.0,14.0,True,0.5,-2.666,-0.112,0.0,True
292,307,m,52,20,2.0,No,0.0,0.0,0.0,15.0,True,0.0,0.122,0.996,0.0,True
293,308,m,73,17,1.0,Yes,0.0,0.0,0.0,15.0,True,16.5,0.317,0.121,0.0,False
294,309,f,64,12,1.0,Yes,0.0,0.0,0.0,14.0,True,1.5,2.787,0.487,1.0,False
295,310,f,84,20,1.0,Yes,0.0,0.0,1.0,14.0,True,11.5,-0.105,-0.549,1.0,False
296,311,m,90,13,0.0,Yes,0.0,0.0,0.0,14.995756718528996,True,4.5,0.63,0.043,0.0,False
297,312,f,58,13,1.0,Yes,0.0,0.0,0.0,17.0,True,0.0,-0.682,-0.428,0.0,True
298,313,f,83,18,0.0,Yes,0.0,0.0,0.0,15.0,True,0.0,1.051,0.55,0.0,True
299,314,m,55,11,2.0,Yes,0.0,0.0,0.0,13.0,True,5.5,-0.272,-0.546,1.0,False
301,316,m,76,13,0.0,Yes,1.0,0.0,1.0,15.0,False,15.5,0.337,-2.264,0.0,False
303,318,f,76,19,0.0,Yes,0.0,0.0,0.0,15.0,True,12.5,0.839,-0.25,0.0,False
304,319,f,80,18,0.0,No,0.0,0.0,0.0,16.0,True,0.5,0.892,1.579,0.0,True
306,321,f,69,18,1.0,No,1.0,0.0,1.0,13.0,True,14.5,-0.515,-1.058,0.0,False
307,322,m,58,19,0.0,No,0.0,0.0,1.0,13.0,False,0.0,1.767,-0.037,0.0,False
308,323,m,60,13,0.0,Yes,0.0,1.0,0.0,13.0,True,0.0,-0.285,0.124,1.0,False
309,324,f,78,14,2.0,Yes,0.0,0.0,0.0,20.0,True,11.5,-1.083,-0.937,0.0,False
310,325,m,52,19,0.0,Yes,0.0,0.0,0.0,12.0,True,0.0,-0.604,-0.796,1.0,True
312,327,m,58,13,2.0,Yes,0.0,0.0,0.0,15.0,True,2.5,-0.43,-1.631,1.0,True
313,328,f,90,11,2.0,Yes,0.0,0.0,1.0,15.0,True,11.5,0.263,1.49,1.0,False
314,329,m,60,20,1.0,No,0.0,0.0,1.0,17.0,True,3.5,-1.747,0.672,0.0,False
315,330,f,83,12,1.0,Yes,0.0,0.0,1.0,14.0,True,0.0,-0.066,-0.544,1.0,True
317,332,m,72,13,0.0,Yes,0.0,0.0,0.0,13.0,True,14.5,-0.284,1.088,0.0,False
318,333,f,57,13,1.0,Yes,0.0,0.0,0.0,16.0,True,0.0,-1.276,0.137,0.0,False
319,334,m,66,14,0.0,Yes,0.0,0.0,0.0,17.0,True,7.5,0.389,-0.883,0.0,False
320,335,m,64,14,0.0,Yes,1.0,0.0,0.0,13.0,True,1.5,0.143,-0.317,1.0,False
321,336,m,50,14,0.0,Yes,0.0,0.0,1.0,12.0,True,14.5,-0.739,-0.464,0.0,False
322,337,f,84,19,0.0,Yes,0.0,0.0,1.0,13.0,True,3.5,-0.626,0.154,1.0,False
323,338,m,79,20,0.0,No,1.0,0.0,0.0,14.995756718528996,True,0.0,0.29,0.443,0.0,False
324,339,m,61,13,1.0,No,0.0,0.0,0.0,20.0,False,4.5,-1.775,-1.106,1.0,False
325,340,f,87,15,1.0,Yes,0.0,0.0,0.0,18.0,True,12.5,-1.412,0.208,0.0,False
327,342,m,76,12,0.0,No,0.0,0.0,0.0,13.0,True,16.5,-0.038,-0.71,1.0,False
328,343,f,52,20,2.0,Yes,0.0,0.0,0.0,16.0,True,0.0,-2.483,-1.413,0.0,False
329,344,m,81,18,0.0,Yes,0.0,0.0,1.0,14.0,False,1.5,0.489,0.295,1.0,True
330,345,m,88,15,0.0,Yes,1.0,0.0,0.0,19.0,True,0.5,0.475,-0.52,0.0,True
331,346,m,51,19,1.0,Yes,0.0,0.0,0.0,14.995756718528996,True,0.5,-0.107,-0.711,0.0,True
332,347,un,63,13,1.0,Yes,0.0,0.0,1.0,12.0,True,0.0,0.925,0.905,1.0,False
335,350,m,67,16,0.0,No,0.0,0.0,0.0,15.0,True,3.5,-0.265,0.82,1.0,False
336,351,m,56,14,2.0,Yes,0.0,0.0,0.0,22.0,True,3.5,0.407,1.253,0.0,True
337,352,f,61,14,2.0,Yes,0.0,0.0,0.0,16.0,True,5.5,-0.28,1.089,0.0,False
338,353,f,68,19,2.0,No,0.0,0.0,1.0,19.0,True,4.5,1.027,0.037,1.0,False
339,354,m,80,10,2.0,Yes,0.0,0.0,0.0,17.0,True,3.5,0.931,0.462,1.0,False
340,355,f,67,16,1.0,No,0.0,0.0,0.0,14.995756718528996,True,10.5,1.911,1.795,1.0,False
342,357,f,63,14,0.0,Yes,0.0,0.0,1.0,14.0,True,13.5,-2.034,-0.172,0.0,False
343,358,m,69,20,0.0,Yes,0.0,0.0,0.0,19.0,False,5.5,-2.033,-0.759,0.0,False
344,359,f,78,19,0.0,Yes,0.0,0.0,1.0,20.0,True,6.5,-1.476,-1.147,0.0,False
346,361,m,70,17,2.0,No,0.0,0.0,1.0,12.0,True,11.5,0.737,-1.619,0.0,False
347,362,f,87,20,2.0,Yes,0.0,1.0,0.0,9.0,True,0.0,-1.493,0.465,1.0,False
348,363,m,87,11,0.0,Yes,0.0,0.0,0.0,17.0,False,8.5,-1.167,-1.534,1.0,False
350,366,m,53,12,1.0,No,0.0,0.0,0.0,14.0,True,3.5,-0.702,0.41,1.0,True
351,367,m,75,19,1.0,Yes,0.0,0.0,0.0,14.0,True,6.5,0.743,-0.276,0.0,False
352,368,m,75,16,2.0,Yes,0.0,0.0,1.0,16.0,True,6.5,-1.17,1.098,1.0,False
353,369,f,52,19,2.0,Yes,0.0,0.0,0.0,16.0,True,0.5,0.066,0.71,0.0,False
355,371,m,78,17,1.0,Yes,0.0,0.0,0.0,14.995756718528996,True,2.5,-0.132,0.393,1.0,False
357,373,m,53,20,0.0,Yes,0.0,0.0,1.0,14.995756718528996,True,0.0,-0.901,-0.883,1.0,True
358,374,m,89,18,2.0,Yes,0.0,0.0,1.0,21.0,False,4.5,0.742,0.761,1.0,False
359,376,f,61,13,0.0,Yes,0.0,0.0,0.0,17.0,True,4.5,-1.779,0.885,1.0,False
360,377,m,79,15,0.0,Yes,1.0,0.0,0.0,18.0,True,15.5,0.66,-0.953,1.0,False
361,378,m,59,11,0.0,Yes,0.0,0.0,0.0,17.0,False,0.5,-0.525,0.648,1.0,True
362,379,m,73,16,1.0,Yes,0.0,0.0,0.0,17.0,True,0.0,-0.419,1.214,0.0,True
363,380,f,60,19,0.0,No,0.0,0.0,0.0,14.995756718528996,True,0.5,-0.43,-1.223,1.0,True
364,381,un,56,11,1.0,No,0.0,0.0,0.0,18.0,True,10.5,-1.775,1.263,1.0,False
365,382,f,84,14,2.0,Yes,0.0,0.0,1.0,14.995756718528996,True,17.5,0.209,-0.973,0.0,False
366,383,f,71,20,0.0,Yes,0.0,0.0,0.0,14.995756718528996,True,6.5,-0.781,0.216,1.0,False
367,384,un,57,10,0.0,Yes,0.0,0.0,1.0,14.0,True,0.0,0.136,0.81,0.0,True
368,385,m,74,17,0.0,No,0.0,0.0,0.0,17.0,False,13.5,-0.1,0.022,0.0,False
369,386,m,56,17,1.0,Yes,0.0,0.0,0.0,18.0,True,5.5,1.007,-1.06,1.0,False
371,388,f,84,20,2.0,Yes,0.0,0.0,0.0,16.0,True,4.5,0.243,1.185,1.0,False
372,389,m,72,15,1.0,No,0.0,0.0,0.0,13.0,True,0.0,-0.671,0.576,0.0,False
373,390,u,50,15,2.0,No,0.0,0.0,0.0,10.0,True,1.5,0.673,0.22,1.0,True
375,392,f,84,12,2.0,Yes,0.0,0.0,1.0,14.0,True,0.0,0.298,1.062,0.0,False
376,393,m,83,18,0.0,No,0.0,0.0,0.0,16.0,True,1.5,0.444,0.159,1.0,False
377,394,f,65,11,1.0,Yes,1.0,0.0,0.0,12.0,True,12.5,-1.291,-0.173,1.0,False
379,396,un,56,14,0.0,Yes,0.0,0.0,1.0,17.0,True,12.5,-0.006,0.611,0.0,False
380,397,f,76,13,1.0,Yes,1.0,0.0,0.0,11.0,True,16.5,-0.817,0.116,1.0,False
381,398,m,53,16,0.0,Yes,0.0,0.0,0.0,15.0,False,14.5,0.261,-0.706,0.0,False
384,401,m,86,14,2.0,Yes,0.0,0.0,1.0,19.0,True,1.5,0.99,-0.456,0.0,False
385,402,f,53,10,0.0,Yes,0.0,0.0,0.0,16.0,True,6.5,-1.193,0.77,1.0,False
386,403,f,55,20,1.0,Yes,0.0,0.0,1.0,20.0,True,14.5,-0.355,0.087,0.0,False
387,404,f,63,20,0.0,Yes,0.0,0.0,1.0,18.0,True,9.5,1.144,1.094,0.0,False
388,405,f,63,16,2.0,Yes,0.0,0.0,0.0,15.0,False,13.5,0.093,-0.029,0.0,False
389,406,f,56,15,1.0,Yes,0.0,0.0,1.0,14.995756718528996,True,2.5,-0.318,1.373,1.0,True
391,408,f,73,20,0.0,Yes,0.0,0.0,1.0,19.0,True,0.0,-0.584,0.519,1.0,False
393,410,m,63,15,0.0,No,0.0,0.0,1.0,12.0,True,2.5,0.518,-0.511,0.0,False
394,411,u,62,14,1.0,Yes,0.0,0.0,0.0,14.0,True,0.0,2.006,0.643,0.0,True
395,412,m,76,19,0.0,Yes,0.0,0.0,1.0,15.0,True,6.5,3.037,0.463,0.0,False
396,413,m,54,20,0.0,Yes,0.0,0.0,0.0,14.0,True,7.5,-0.056,-2.052,1.0,False
397,414,m,56,17,2.0,Yes,0.0,0.0,1.0,14.0,True,14.5,0.279,3.026,0.0,False
398,415,m,90,14,0.0,Yes,0.0,0.0,0.0,15.0,False,13.5,-0.898,0.555,1.0,False
399,416,f,76,12,1.0,Yes,0.0,0.0,0.0,16.0,True,7.5,-0.697,-0.491,1.0,False
402,419,m,71,18,1.0,Yes,0.0,0.0,0.0,16.0,True,0.0,-1.114,0.067,1.0,False
403,420,f,53,10,2.0,Yes,0.0,0.0,0.0,14.0,True,0.5,-0.828,0.712,1.0,True
404,421,m,69,13,0.0,Yes,0.0,0.0,0.0,16.0,True,12.5,2.202,0.354,0.0,False
405,422,m,67,13,0.0,Yes,0.0,0.0,0.0,24.0,False,0.0,-1.622,1.639,0.0,True
407,424,f,76,16,1.0,Yes,0.0,0.0,0.0,12.0,True,2.5,-0.065,1.481,0.0,True
408,425,f,90,18,0.0,Yes,0.0,0.0,0.0,17.0,True,0.0,0.451,-0.857,1.0,True
409,426,m,51,14,0.0,No,0.0,0.0,0.0,17.0,True,10.5,-0.229,1.294,1.0,False
410,427,f,78,15,2.0,Yes,1.0,0.0,1.0,16.0,True,14.5,-0.634,0.077,1.0,False
411,428,m,72,12,0.0,No,0.0,0.0,1.0,14.0,True,7.5,0.444,1.977,0.0,False
412,429,f,75,12,0.0,Yes,1.0,0.0,0.0,14.995756718528996,True,5.5,1.289,-1.303,0.0,False
413,430,m,77,13,1.0,Yes,1.0,0.0,1.0,14.0,True,15.5,1.708,-0.342,0.0,False
414,431,un,86,16,0.0,Yes,0.0,0.0,1.0,16.0,True,3.5,-0.349,-1.098,0.0,True
416,433,f,82,20,1.0,Yes,0.0,0.0,1.0,15.0,True,15.5,-1.229,0.321,0.0,False
418,435,f,57,11,2.0,Yes,0.0,0.0,0.0,14.0,True,1.5,0.618,-0.627,0.0,False
420,437,un,79,10,2.0,Yes,1.0,0.0,1.0,12.0,True,5.5,-0.334,-0.077,1.0,False
421,438,m,72,19,1.0,No,0.0,0.0,0.0,9.0,True,7.5,0.112,0.5,0.0,False
422,440,f,63,18,1.0,Yes,0.0,1.0,0.0,12.0,True,8.5,0.979,-1.094,0.0,False
423,441,m,70,17,0.0,Yes,0.0,0.0,1.0,12.0,True,0.5,0.909,0.15,1.0,False
425,443,m,78,15,2.0,Yes,0.0,0.0,0.0,14.0,True,3.5,0.364,0.632,0.0,True
426,444,m,72,12,0.0,Yes,0.0,1.0,0.0,12.0,True,2.5,0.46,-1.05,1.0,True
427,445,f,90,12,0.0,Yes,0.0,0.0,1.0,11.0,True,0.0,0.898,1.084,0.0,True
429,447,m,82,19,0.0,Yes,0.0,0.0,0.0,18.0,True,9.5,0.556,1.785,0.0,False
430,448,m,79,14,1.0,Yes,0.0,0.0,0.0,13.0,True,2.5,-0.271,-0.145,1.0,True
431,449,m,72,19,0.0,Yes,0.0,0.0,0.0,16.0,True,1.5,0.698,-0.941,0.0,True
432,450,un,84,20,1.0,Yes,1.0,0.0,0.0,14.0,True,6.5,-0.232,-0.795,1.0,False
433,451,m,50,13,1.0,Yes,0.0,0.0,0.0,13.0,True,0.0,1.144,0.364,1.0,False
434,452,u,63,14,0.0,Yes,0.0,0.0,1.0,13.0,True,11.5,-0.017,-2.182,1.0,False
435,453,m,50,14,1.0,Yes,0.0,0.0,0.0,12.0,True,0.0,-1.855,-0.717,1.0,True
437,455,f,61,13,0.0,Yes,0.0,0.0,0.0,10.0,False,11.5,1.278,-0.458,0.0,False
438,456,m,77,13,2.0,No,0.0,0.0,0.0,20.0,True,4.5,0.016,0.67,1.0,False
439,457,m,86,16,1.0,Yes,0.0,0.0,0.0,11.0,True,0.5,-0.35,-1.184,0.0,False
442,460,f,85,18,1.0,No,0.0,0.0,0.0,13.0,True,14.5,0.056,-1.143,0.0,False
444,462,u,60,19,2.0,No,0.0,0.0,0.0,14.995756718528996,True,2.5,-0.629,-0.772,1.0,False
445,463,m,81,11,2.0,Yes,0.0,0.0,1.0,14.0,True,10.5,1.53,0.731,0.0,False
446,464,f,71,12,2.0,Yes,0.0,0.0,1.0,11.0,True,9.5,-0.842,0.787,1.0,False
447,465,m,59,18,0.0,No,0.0,0.0,1.0,14.995756718528996,True,17.5,1.213,-0.825,1.0,False
449,467,f,70,15,1.0,No,0.0,0.0,0.0,11.0,True,0.0,1.284,1.242,1.0,False
450,468,m,57,10,1.0,Yes,0.0,0.0,0.0,16.0,True,11.5,-1.159,0.047,1.0,False
451,469,f,88,16,1.0,No,0.0,0.0,0.0,12.0,False,8.5,-0.865,-0.102,1.0,False
453,471,f,84,17,2.0,Yes,0.0,0.0,0.0,14.995756718528996,True,8.5,-0.72,0.578,1.0,False
454,472,m,83,20,0.0,No,1.0,0.0,1.0,14.0,True,0.5,2.803,1.502,1.0,True
455,473,f,72,19,2.0,Yes,0.0,0.0,0.0,11.0,True,5.5,-0.364,0.037,1.0,False
456,474,f,84,11,0.0,Yes,0.0,0.0,0.0,14.0,True,14.5,0.403,-1.551,1.0,False
457,475,f,80,11,0.0,Yes,0.0,0.0,0.0,16.0,True,0.0,-1.342,0.084,0.0,True
458,476,f,84,12,0.0,Yes,0.0,0.0,0.0,12.0,True,7.5,0.102,-0.829,0.0,False
459,477,m,67,16,0.0,Yes,0.0,0.0,0.0,19.0,True,17.5,0.839,0.81,1.0,False
460,478,f,54,10,0.0,No,0.0,0.0,0.0,13.0,True,5.5,-2.046,-0.235,1.0,False
462,480,m,65,16,2.0,Yes,0.0,0.0,0.0,15.0,False,9.5,-0.678,1.093,1.0,False
463,481,un,63,16,1.0,Yes,0.0,0.0,1.0,12.0,True,6.5,0.129,0.274,1.0,False
464,482,m,84,11,2.0,Yes,0.0,0.0,0.0,14.0,True,2.5,0.295,-2.991,1.0,True
465,483,f,77,20,0.0,Yes,0.0,0.0,0.0,14.0,False,0.0,-1.82,0.45,0.0,True
466,485,f,74,18,0.0,No,0.0,0.0,0.0,15.0,True,7.5,-0.352,-1.012,1.0,False
467,486,m,64,16,1.0,Yes,0.0,0.0,0.0,17.0,True,0.0,0.123,-0.821,1.0,True
468,487,m,63,18,2.0,Yes,0.0,0.0,0.0,18.0,True,17.5,0.324,-2.019,1.0,False
469,488,m,59,14,1.0,Yes,0.0,0.0,1.0,12.0,True,8.5,1.466,0.039,0.0,False
470,489,m,52,10,1.0,Yes,0.0,0.0,0.0,14.995756718528996,True,10.5,-1.786,-0.063,1.0,False
471,490,f,68,19,0.0,Yes,0.0,0.0,0.0,15.0,True,17.5,0.931,-0.416,0.0,False
472,491,f,87,20,0.0,No,0.0,0.0,0.0,14.0,True,1.5,0.621,-0.902,0.0,True
474,493,f,80,12,1.0,No,0.0,0.0,1.0,18.0,True,9.5,-0.015,-0.545,0.0,False
475,494,f,85,20,1.0,Yes,0.0,0.0,0.0,12.0,True,7.5,0.281,0.312,0.0,False
476,495,f,82,15,1.0,No,0.0,0.0,0.0,12.0,True,6.5,2.051,0.198,0.0,False
477,497,f,88,18,0.0,Yes,0.0,0.0,0.0,18.0,True,1.5,-0.162,0.954,0.0,True
479,499,m,72,11,1.0,No,0.0,0.0,0.0,14.0,True,16.5,-0.72,-0.248,1.0,False
481,501,f,69,20,1.0,No,0.0,0.0,0.0,10.0,True,5.5,0.24,-0.956,1.0,False
482,502,m,50,12,2.0,Yes,0.0,0.0,0.0,19.0,True,3.5,1.201,0.911,0.0,True
483,503,un,61,11,0.0,Yes,0.0,0.0,0.0,15.0,False,8.5,-0.276,-0.522,1.0,False
485,505,m,80,19,0.0,Yes,0.0,0.0,0.0,20.0,True,4.5,-0.01,0.048,1.0,False
486,506,m,53,14,0.0,No,0.0,0.0,0.0,17.0,True,9.5,-2.323,1.325,0.0,False
487,507,f,56,10,0.0,Yes,0.0,0.0,0.0,14.0,True,6.5,-1.362,0.364,0.0,False
488,509,un,64,14,1.0,Yes,0.0,0.0,1.0,14.0,True,13.5,0.456,0.471,0.0,False
489,510,f,57,11,2.0,Yes,0.0,0.0,0.0,16.0,False,7.5,1.248,0.324,1.0,False
491,512,m,86,13,0.0,Yes,0.0,0.0,0.0,13.0,False,17.5,-0.943,-0.789,0.0,False
492,513,un,64,13,2.0,Yes,0.0,0.0,1.0,12.0,True,5.5,-1.554,0.317,1.0,False
493,514,m,68,12,2.0,Yes,0.0,0.0,1.0,13.0,True,16.5,-0.079,-0.323,1.0,False
494,515,m,67,16,2.0,Yes,0.0,0.0,0.0,12.0,True,17.5,-1.939,0.572,0.0,False
495,516,f,54,17,1.0,Yes,0.0,0.0,1.0,19.0,False,1.5,-0.256,-0.054,1.0,False
496,517,m,77,12,1.0,Yes,0.0,0.0,1.0,19.0,True,0.0,-0.093,-0.07,0.0,True
497,518,m,57,11,0.0,Yes,1.0,0.0,1.0,13.0,True,7.5,-0.038,-0.327,1.0,False
498,519,un,82,10,1.0,Yes,0.0,0.0,0.0,15.0,True,0.0,0.403,0.441,1.0,False
499,520,m,74,19,2.0,Yes,0.0,0.0,0.0,18.0,True,2.5,-0.487,1.017,1.0,True
501,522,m,79,17,2.0,No,1.0,0.0,0.0,13.0,True,17.5,1.02,-2.648,0.0,False
502,523,f,60,15,0.0,Yes,0.0,0.0,1.0,15.0,False,0.0,-0.927,-0.72,1.0,True
503,525,f,63,11,1.0,Yes,0.0,0.0,1.0,15.0,True,0.5,-1.433,0.356,0.0,True
504,526,m,59,13,1.0,Yes,0.0,0.0,0.0,15.0,True,13.5,0.176,-1.07,1.0,False
505,527,f,58,10,0.0,Yes,0.0,0.0,0.0,16.0,True,4.5,0.179,-1.319,0.0,False
506,528,m,54,17,0.0,No,0.0,0.0,0.0,12.0,True,11.5,0.051,-2.155,1.0,False
508,530,f,84,18,1.0,Yes,0.0,0.0,1.0,15.0,True,2.5,0.969,0.193,0.0,True
509,531,m,82,10,0.0,Yes,0.0,0.0,0.0,14.995756718528996,True,4.5,0.61,-1.683,1.0,False
510,532,f,50,19,1.0,Yes,0.0,0.0,0.0,14.995756718528996,True,11.5,1.056,-0.846,1.0,False
511,533,m,90,17,2.0,No,0.0,0.0,0.0,16.0,True,0.5,-1.42,-2.035,1.0,True
512,534,m,75,19,0.0,No,0.0,0.0,1.0,16.0,True,13.5,-1.414,1.249,0.0,False
513,535,m,77,13,2.0,Yes,0.0,0.0,0.0,13.0,True,6.5,0.577,0.298,1.0,False
514,536,f,88,11,0.0,Yes,0.0,0.0,1.0,14.0,True,3.5,-1.01,1.827,1.0,True
516,538,m,61,10,2.0,Yes,0.0,0.0,0.0,14.995756718528996,True,11.5,0.917,1.183,0.0,False
519,541,f,59,14,0.0,Yes,0.0,0.0,0.0,16.0,False,5.5,0.926,0.989,1.0,False
522,544,f,71,10,0.0,No,0.0,0.0,0.0,18.0,True,0.0,1.356,-1.424,0.0,True
524,546,un,88,12,1.0,Yes,0.0,0.0,0.0,18.0,True,12.5,0.403,0.273,1.0,False
526,548,f,83,11,0.0,Yes,0.0,0.0,0.0,12.0,True,3.5,-1.487,2.239,0.0,True
527,549,m,68,10,0.0,Yes,0.0,0.0,1.0,16.0,True,0.0,2.148,-0.991,0.0,False
528,550,m,71,15,0.0,Yes,0.0,0.0,0.0,8.0,True,0.0,-0.452,-1.439,1.0,True
529,551,m,64,10,0.0,Yes,0.0,0.0,0.0,15.0,True,14.5,0.141,-1.287,1.0,False
531,553,f,61,15,0.0,Yes,0.0,0.0,0.0,14.995756718528996,False,8.5,0.696,-0.505,0.0,False
533,555,u,58,15,0.0,Yes,0.0,0.0,0.0,14.0,False,12.5,1.364,-1.353,0.0,False
534,556,f,83,17,1.0,Yes,0.0,0.0,0.0,20.0,True,5.5,0.773,-0.957,1.0,False
535,557,f,70,12,1.0,No,0.0,0.0,1.0,17.0,True,16.5,-1.432,-0.01,0.0,False
536,558,u,74,19,0.0,Yes,0.0,0.0,0.0,16.0,True,16.5,0.486,-1.363,0.0,False
537,559,m,75,11,1.0,Yes,0.0,0.0,0.0,15.0,True,8.5,0.056,0.921,1.0,False
538,560,un,89,12,0.0,No,0.0,0.0,0.0,15.0,True,0.5,-0.218,-0.052,1.0,True
539,561,un,50,12,1.0,Yes,1.0,0.0,0.0,14.995756718528996,True,4.5,-1.306,0.566,1.0,False
540,562,m,64,13,1.0,Yes,0.0,0.0,1.0,15.0,True,16.5,0.609,0.606,0.0,False
541,563,f,74,18,1.0,No,0.0,0.0,0.0,9.0,True,0.0,1.207,-0.95,1.0,True
542,564,f,55,17,0.0,Yes,0.0,0.0,1.0,10.0,True,15.5,-0.412,-1.029,0.0,False
544,566,m,62,19,0.0,Yes,0.0,0.0,0.0,14.0,True,11.5,1.26,0.515,0.0,False
545,567,m,54,18,0.0,Yes,0.0,0.0,0.0,22.0,True,10.5,0.186,-0.759,0.0,False
546,568,m,81,11,1.0,No,0.0,0.0,0.0,11.0,True,17.5,1.342,0.467,1.0,False
547,569,f,75,19,0.0,No,0.0,1.0,1.0,13.0,True,14.5,-0.109,0.48,1.0,False
550,572,m,78,11,0.0,Yes,0.0,0.0,0.0,13.0,True,7.5,-1.852,2.222,1.0,False
551,573,un,90,20,0.0,Yes,0.0,0.0,0.0,17.0,True,14.5,-0.309,0.331,0.0,False
552,574,u,69,18,0.0,No,0.0,0.0,0.0,12.0,True,0.0,1.18,0.255,0.0,False
553,575,m,88,12,2.0,Yes,0.0,0.0,1.0,17.0,True,1.5,1.505,0.342,1.0,True
554,576,f,60,13,0.0,No,0.0,0.0,0.0,17.0,True,8.5,0.927,-0.841,1.0,False
555,577,m,73,18,0.0,No,0.0,1.0,0.0,15.0,True,17.5,-0.359,0.205,1.0,False
557,579,m,90,13,0.0,Yes,0.0,0.0,0.0,15.0,True,8.5,-0.309,1.675,0.0,False
558,580,m,68,16,2.0,Yes,0.0,0.0,0.0,11.0,True,1.5,-0.934,-0.981,0.0,False
559,581,m,73,16,1.0,Yes,0.0,0.0,0.0,16.0,True,4.5,-0.612,-0.052,1.0,False
560,582,m,90,15,1.0,Yes,0.0,0.0,0.0,17.0,True,1.5,-0.134,-0.185,0.0,True
561,583,f,76,16,0.0,Yes,0.0,0.0,0.0,11.0,True,0.0,-0.704,-0.694,0.0,False
563,585,un,81,10,2.0,Yes,0.0,0.0,0.0,14.0,False,14.5,-0.711,-1.613,1.0,False
564,586,m,78,19,2.0,No,0.0,0.0,0.0,12.0,True,7.5,-1.349,-0.407,1.0,False
565,587,f,67,19,0.0,Yes,0.0,0.0,0.0,14.995756718528996,False,11.5,1.115,-0.395,1.0,False
566,588,f,72,16,0.0,Yes,0.0,0.0,1.0,19.0,True,11.5,-1.417,1.685,1.0,False
568,590,f,56,11,0.0,Yes,0.0,0.0,0.0,13.0,True,3.5,-1.726,-0.557,0.0,True
569,591,un,59,15,0.0,No,0.0,0.0,0.0,6.0,True,0.0,-0.338,1.497,1.0,True
570,592,f,55,20,2.0,Yes,0.0,0.0,0.0,18.0,True,0.0,-0.518,0.558,1.0,False
571,593,un,71,14,1.0,Yes,0.0,0.0,0.0,16.0,True,12.5,0.207,-2.648,1.0,False
572,594,f,52,18,0.0,Yes,0.0,0.0,0.0,14.0,True,0.0,1.393,0.652,0.0,False
573,595,f,58,17,0.0,Yes,0.0,0.0,1.0,16.0,False,0.0,1.694,-0.732,1.0,False
575,597,f,57,14,0.0,Yes,0.0,0.0,0.0,15.0,True,9.5,0.04,-1.146,0.0,False
576,598,m,58,12,2.0,Yes,1.0,0.0,0.0,17.0,True,0.0,1.265,-0.055,0.0,True
577,599,m,56,20,0.0,Yes,1.0,0.0,0.0,14.995756718528996,True,12.5,0.135,-0.064,0.0,False
578,600,f,81,10,1.0,Yes,1.0,0.0,0.0,16.0,True,1.5,0.765,-0.437,0.0,True
579,601,m,54,19,0.0,No,0.0,0.0,1.0,14.995756718528996,True,1.5,-0.023,1.617,1.0,True
580,602,m,56,14,2.0,Yes,0.0,0.0,1.0,19.0,False,4.5,-0.485,1.483,0.0,False
581,603,f,62,18,1.0,No,0.0,1.0,0.0,21.0,True,0.0,-0.304,0.251,1.0,True
582,604,m,74,15,2.0,No,0.0,0.0,0.0,14.0,True,1.5,-0.137,-1.559,1.0,True
583,605,m,67,20,0.0,Yes,0.0,0.0,0.0,12.0,True,0.0,0.117,-0.095,0.0,False
584,606,m,60,11,2.0,Yes,1.0,1.0,0.0,15.0,True,4.5,0.802,1.161,1.0,False
585,607,f,74,16,1.0,Yes,0.0,0.0,0.0,16.0,True,3.5,-0.47,-0.076,1.0,False
586,608,m,65,17,0.0,Yes,0.0,0.0,0.0,18.0,True,12.5,0.272,0.686,0.0,False
587,609,m,84,13,2.0,Yes,0.0,0.0,1.0,11.0,True,17.5,0.284,0.313,0.0,False
588,610,u,50,16,1.0,Yes,0.0,0.0,0.0,14.0,False,0.0,-0.246,-0.232,0.0,False
589,611,f,71,13,2.0,Yes,0.0,0.0,0.0,16.0,True,3.5,0.658,0.202,0.0,True
590,612,m,74,14,1.0,Yes,0.0,0.0,1.0,14.995756718528996,True,1.5,0.467,-2.176,0.0,True
591,613,m,90,17,1.0,Yes,0.0,0.0,0.0,19.0,True,8.5,0.75,0.69,1.0,False
592,614,m,85,20,0.0,Yes,0.0,0.0,0.0,12.0,True,0.0,-0.845,1.308,1.0,True
593,616,m,79,16,2.0,Yes,1.0,0.0,1.0,14.995756718528996,True,9.5,-0.536,-0.186,1.0,False
594,617,m,80,12,0.0,Yes,0.0,0.0,0.0,15.0,True,0.0,-0.509,0.523,1.0,False
596,619,f,52,16,1.0,Yes,0.0,0.0,0.0,14.995756718528996,True,1.5,-0.342,0.593,0.0,True
597,620,m,56,16,0.0,Yes,0.0,0.0,0.0,17.0,True,9.5,-0.78,1.531,1.0,False
598,621,m,69,12,0.0,Yes,0.0,0.0,0.0,20.0,True,1.5,1.409,0.895,1.0,True
599,622,m,85,10,1.0,Yes,0.0,0.0,0.0,16.0,False,15.5,1.4,1.3,0.0,False
600,623,f,58,12,1.0,Yes,0.0,0.0,1.0,14.995756718528996,False,11.5,0.596,0.681,1.0,False
601,624,m,53,18,0.0,Yes,0.0,0.0,1.0,16.0,True,12.5,1.334,0.874,1.0,False
602,625,f,65,10,1.0,Yes,0.0,1.0,0.0,14.995756718528996,True,0.0,0.665,1.313,1.0,True
603,626,f,80,11,0.0,Yes,0.0,0.0,0.0,18.0,True,11.5,0.861,-0.128,1.0,False
604,627,f,77,18,0.0,No,0.0,0.0,1.0,14.0,True,10.5,-0.522,-1.484,0.0,False
605,628,m,88,20,0.0,No,0.0,0.0,0.0,14.995756718528996,True,9.5,1.112,0.402,0.0,False
606,629,m,57,15,0.0,Yes,0.0,0.0,1.0,18.0,True,16.5,-0.787,-0.576,1.0,False
607,630,m,54,11,0.0,Yes,0.0,0.0,0.0,16.0,True,15.5,-2.02,1.579,0.0,False
608,631,f,70,18,1.0,Yes,0.0,0.0,0.0,14.0,True,0.0,-0.555,-1.488,0.0,True
609,632,f,77,17,0.0,No,0.0,0.0,1.0,12.0,True,0.5,-0.097,-0.066,1.0,True
610,633,m,63,11,1.0,Yes,0.0,0.0,0.0,16.0,True,10.5,0.653,0.589,1.0,False
612,635,m,88,13,2.0,Yes,0.0,0.0,0.0,16.0,True,3.5,-0.757,0.461,0.0,True
613,636,f,62,19,2.0,No,0.0,0.0,0.0,14.0,True,6.5,-0.864,0.036,0.0,False
614,637,m,64,11,1.0,Yes,0.0,0.0,1.0,10.0,True,14.5,0.289,-0.179,0.0,False
615,638,f,87,10,2.0,Yes,0.0,0.0,0.0,14.995756718528996,False,2.5,0.667,-0.771,0.0,True
617,640,f,63,19,1.0,Yes,0.0,0.0,0.0,17.0,True,5.5,-0.411,0.917,1.0,False
618,641,m,66,20,1.0,Yes,0.0,0.0,0.0,17.0,True,6.5,-0.508,-0.881,0.0,False
619,642,m,76,16,0.0,Yes,0.0,0.0,0.0,15.0,True,3.5,-0.136,-0.254,0.0,False
620,643,f,69,10,0.0,Yes,0.0,0.0,0.0,15.0,True,0.0,-0.603,-2.033,0.0,True
621,644,m,64,20,0.0,Yes,0.0,0.0,0.0,16.0,True,3.5,-0.691,0.893,1.0,False
622,645,m,60,11,0.0,Yes,0.0,0.0,0.0,14.0,True,4.5,-0.122,0.31,0.0,False
623,646,f,70,19,0.0,No,0.0,0.0,0.0,11.0,True,0.0,-0.193,-0.511,1.0,False
624,647,f,79,15,1.0,Yes,0.0,0.0,0.0,17.0,True,11.5,0.248,0.141,1.0,False
625,648,f,55,12,1.0,No,0.0,0.0,1.0,12.0,True,10.5,0.402,1.001,1.0,False
626,649,m,77,20,0.0,Yes,0.0,0.0,0.0,12.0,True,0.0,3.944,-0.473,0.0,False
627,650,f,59,15,2.0,No,0.0,0.0,0.0,18.0,True,1.5,1.733,-0.283,1.0,False
628,651,f,84,17,1.0,Yes,0.0,0.0,1.0,16.0,True,13.5,1.542,0.12,1.0,False
629,652,f,60,11,0.0,Yes,0.0,0.0,0.0,14.0,True,3.5,0.357,1.184,1.0,True
630,653,f,69,20,0.0,Yes,0.0,0.0,0.0,11.0,True,1.5,-0.923,-1.019,1.0,True
631,654,m,63,14,1.0,Yes,0.0,0.0,1.0,16.0,True,0.5,0.447,0.799,1.0,False
632,655,f,80,13,2.0,No,0.0,0.0,0.0,13.0,True,16.5,1.791,-1.107,0.0,False
633,656,f,54,13,2.0,Yes,0.0,0.0,0.0,18.0,True,0.0,-0.445,0.143,1.0,True
634,657,u,87,10,1.0,No,0.0,0.0,0.0,15.0,True,3.5,1.373,-2.317,1.0,False
635,658,m,81,15,0.0,No,0.0,0.0,0.0,13.0,True,16.5,-1.984,-0.146,1.0,False
636,659,m,75,20,1.0,Yes,0.0,0.0,0.0,18.0,True,0.5,1.739,-0.67,0.0,True
638,661,f,58,17,0.0,Yes,0.0,0.0,0.0,14.0,True,15.5,0.132,0.024,1.0,False
640,663,m,50,14,0.0,Yes,0.0,0.0,0.0,12.0,True,0.0,-0.025,1.458,0.0,True
641,664,f,51,11,2.0,Yes,0.0,0.0,0.0,20.0,True,10.5,0.362,1.364,1.0,False
642,665,m,62,11,2.0,No,0.0,0.0,0.0,12.0,True,14.5,0.269,0.396,1.0,False
644,667,m,73,10,1.0,Yes,0.0,0.0,0.0,17.0,True,12.5,0.373,-0.471,1.0,False
645,668,f,72,10,2.0,Yes,0.0,0.0,0.0,12.0,True,0.0,0.005,-0.095,0.0,False
646,669,m,57,15,2.0,Yes,0.0,0.0,0.0,14.995756718528996,True,3.5,0.595,-1.485,0.0,True
647,670,m,79,17,2.0,Yes,0.0,0.0,0.0,18.0,True,0.0,-1.399,-0.595,1.0,True
648,671,f,59,14,2.0,Yes,0.0,0.0,0.0,16.0,True,0.0,-0.405,0.267,1.0,False
651,674,m,68,20,1.0,Yes,0.0,0.0,0.0,14.995756718528996,True,8.5,-0.085,0.484,1.0,False
654,677,f,65,15,0.0,No,0.0,1.0,1.0,14.0,True,8.5,-1.061,-0.215,1.0,False
655,678,u,66,11,0.0,No,0.0,0.0,0.0,15.0,True,11.5,-1.544,-0.274,1.0,False
656,679,m,73,16,1.0,No,0.0,0.0,1.0,17.0,True,0.0,0.152,2.172,1.0,False
657,680,f,77,14,1.0,Yes,0.0,0.0,0.0,14.995756718528996,True,12.5,-0.574,-1.966,0.0,False
658,681,m,53,11,1.0,Yes,0.0,0.0,0.0,9.0,True,10.5,0.99,0.537,1.0,False
659,682,m,59,16,2.0,No,0.0,0.0,0.0,14.0,True,16.5,-0.248,-2.388,0.0,False
660,683,f,58,14,0.0,No,0.0,0.0,0.0,16.0,True,0.0,-0.575,0.775,1.0,True
661,684,m,62,17,0.0,No,0.0,0.0,0.0,14.0,True,13.5,-0.036,0.532,0.0,False
662,685,m,57,12,1.0,Yes,0.0,1.0,0.0,11.0,True,5.5,0.21,0.687,0.0,False
663,686,un,57,18,0.0,Yes,0.0,0.0,1.0,14.995756718528996,True,16.5,-0.394,1.479,1.0,False
664,687,m,63,15,0.0,No,0.0,0.0,0.0,15.0,True,1.5,-0.674,0.339,0.0,True
665,688,un,65,10,0.0,No,0.0,0.0,1.0,16.0,True,15.5,1.185,0.559,0.0,False
667,690,m,65,17,1.0,Yes,0.0,0.0,1.0,14.995756718528996,True,1.5,-1.203,-0.493,0.0,True
668,691,m,85,10,2.0,Yes,0.0,0.0,0.0,12.0,True,16.5,-0.674,0.715,1.0,False
669,692,m,79,14,2.0,Yes,0.0,0.0,1.0,17.0,True,12.5,-0.077,-0.392,0.0,False
670,693,f,70,10,2.0,Yes,1.0,0.0,0.0,17.0,True,15.5,-0.447,1.293,1.0,False
671,694,un,80,19,0.0,Yes,0.0,0.0,1.0,11.0,True,16.5,-0.538,0.299,1.0,False
674,697,f,54,16,0.0,Yes,0.0,0.0,1.0,14.0,True,4.5,2.091,1.393,0.0,False
675,698,f,61,10,0.0,Yes,0.0,0.0,0.0,14.0,True,1.5,0.663,-0.067,1.0,False
676,699,m,85,16,0.0,Yes,0.0,0.0,1.0,18.0,True,11.5,0.108,0.171,1.0,False
678,701,f,77,11,0.0,No,0.0,0.0,0.0,13.0,True,1.5,-2.765,1.767,1.0,False
679,702,u,62,12,1.0,Yes,0.0,0.0,0.0,14.995756718528996,True,2.5,0.942,-0.116,0.0,True
680,703,f,51,15,0.0,Yes,0.0,0.0,0.0,19.0,True,5.5,-1.034,0.258,1.0,False
681,704,m,87,12,2.0,Yes,0.0,0.0,0.0,9.0,False,0.0,-0.3,-0.147,0.0,True
682,705,u,60,16,2.0,Yes,0.0,1.0,0.0,14.995756718528996,True,3.5,1.65,0.099,1.0,True
683,706,m,50,16,0.0,Yes,0.0,0.0,0.0,14.995756718528996,True,7.5,0.119,-0.098,0.0,False
684,708,m,79,16,2.0,Yes,0.0,0.0,0.0,13.0,True,16.5,-1.186,-0.148,0.0,False
686,710,m,73,14,1.0,No,0.0,0.0,0.0,17.0,True,1.5,0.113,2.024,1.0,False
687,711,m,70,12,1.0,Yes,0.0,0.0,0.0,13.0,True,11.5,-0.261,0.557,0.0,False
689,713,f,72,13,1.0,Yes,0.0,0.0,0.0,14.0,True,4.5,0.858,-0.175,0.0,False
690,714,f,89,18,1.0,Yes,0.0,0.0,0.0,14.0,True,0.0,0.462,1.46,0.0,False
691,716,m,79,16,1.0,Yes,0.0,0.0,0.0,13.0,True,5.5,-1.051,0.48,1.0,False
692,717,m,69,12,0.0,Yes,0.0,0.0,0.0,15.0,True,0.0,0.509,0.19,1.0,False
693,718,u,51,12,1.0,Yes,0.0,0.0,0.0,16.0,True,3.5,1.443,0.704,0.0,True
694,719,m,72,17,0.0,No,0.0,0.0,1.0,19.0,True,13.5,-0.33,1.351,1.0,False
695,720,un,72,20,1.0,No,0.0,0.0,1.0,18.0,True,11.5,-1.885,-0.574,1.0,False
696,721,m,56,16,0.0,Yes,0.0,0.0,1.0,17.0,False,15.5,0.368,-1.12,1.0,False
697,722,f,74,10,1.0,Yes,0.0,0.0,0.0,18.0,True,0.0,0.428,0.178,1.0,False
698,723,m,52,11,0.0,Yes,0.0,0.0,0.0,17.0,True,0.0,-0.898,-1.104,1.0,True
700,725,f,65,18,2.0,Yes,0.0,0.0,1.0,14.0,True,11.5,-0.613,1.55,1.0,False
702,727,m,64,14,1.0,Yes,0.0,0.0,0.0,11.0,True,3.5,-1.674,-0.801,0.0,True
703,728,m,78,15,1.0,Yes,0.0,0.0,0.0,14.995756718528996,False,0.0,0.935,0.94,0.0,False
704,729,un,50,13,1.0,Yes,0.0,0.0,1.0,15.0,True,4.5,-2.115,1.262,0.0,False
705,730,f,67,15,0.0,Yes,0.0,0.0,0.0,19.0,True,4.5,-0.672,-0.853,0.0,False
706,731,m,81,13,0.0,Yes,0.0,0.0,0.0,14.995756718528996,True,0.0,1.773,1.461,1.0,True
707,732,m,54,18,1.0,No,0.0,0.0,0.0,15.0,True,5.5,0.487,0.996,0.0,False
708,733,f,57,20,1.0,Yes,0.0,0.0,0.0,17.0,True,13.5,1.139,0.814,0.0,False
709,734,f,69,12,0.0,Yes,0.0,1.0,0.0,15.0,False,0.0,0.363,-1.591,0.0,True
710,735,f,59,12,0.0,Yes,0.0,0.0,1.0,18.0,True,3.5,1.068,0.203,1.0,False
711,736,f,67,10,0.0,Yes,0.0,0.0,1.0,19.0,False,11.5,-0.469,2.074,1.0,False
712,737,m,66,19,1.0,No,1.0,0.0,0.0,14.0,True,2.5,0.057,1.127,1.0,True
714,739,f,50,19,0.0,Yes,0.0,0.0,0.0,11.0,True,7.5,0.265,0.981,1.0,False
715,740,f,63,17,0.0,Yes,0.0,1.0,0.0,16.0,True,0.0,-0.541,0.6,0.0,False
716,741,f,90,12,0.0,No,0.0,0.0,0.0,17.0,True,1.5,0.661,-1.563,0.0,False
718,744,f,51,17,0.0,Yes,0.0,0.0,0.0,19.0,True,14.5,0.321,-0.906,0.0,False
721,747,f,74,18,1.0,Yes,0.0,0.0,1.0,12.0,True,14.5,-2.692,-1.001,1.0,False
722,748,f,69,14,2.0,Yes,0.0,0.0,0.0,14.0,True,7.5,-1.152,-0.171,0.0,False
723,749,m,90,11,0.0,Yes,0.0,0.0,0.0,10.0,True,0.5,0.068,-0.053,1.0,True
724,750,f,51,18,0.0,No,0.0,0.0,1.0,11.0,True,9.5,2.06,-0.392,1.0,False
725,751,f,80,12,0.0,Yes,0.0,0.0,0.0,11.0,True,12.5,0.179,-0.452,1.0,False
726,752,m,55,19,0.0,No,0.0,0.0,1.0,15.0,True,5.5,1.341,0.257,1.0,False
727,753,f,55,18,0.0,Yes,0.0,0.0,0.0,13.0,True,6.5,-0.501,-0.397,0.0,False
728,754,f,77,16,0.0,Yes,0.0,0.0,0.0,21.0,False,3.5,-0.328,-0.244,1.0,True
729,755,f,62,18,0.0,Yes,0.0,0.0,0.0,18.0,True,13.5,0.897,-0.462,0.0,False
730,756,f,71,14,2.0,Yes,0.0,0.0,0.0,16.0,True,8.5,-0.448,-1.383,0.0,False
731,757,m,71,11,2.0,Yes,0.0,0.0,1.0,13.0,False,8.5,0.234,1.791,0.0,False
732,758,u,69,18,0.0,Yes,0.0,0.0,0.0,15.0,True,6.5,0.143,-0.376,0.0,False
733,759,f,68,14,0.0,No,0.0,0.0,0.0,18.0,True,8.5,0.808,-0.2,0.0,False
734,760,m,52,12,2.0,Yes,0.0,0.0,0.0,14.995756718528996,True,16.5,0.848,-1.164,1.0,False
735,761,un,61,10,1.0,Yes,0.0,0.0,0.0,15.0,True,6.5,-0.192,0.226,1.0,False
736,762,m,89,20,0.0,Yes,0.0,0.0,0.0,16.0,True,1.5,-0.25,0.097,0.0,False
737,763,f,69,20,0.0,Yes,0.0,0.0,0.0,20.0,False,0.0,-1.463,-0.628,0.0,False
738,764,f,72,16,1.0,Yes,0.0,0.0,1.0,10.0,True,1.5,0.026,-0.118,0.0,True
741,767,m,59,12,0.0,Yes,1.0,0.0,0.0,10.0,True,5.5,1.102,-0.548,1.0,False
742,768,un,85,15,1.0,No,0.0,0.0,0.0,18.0,True,7.5,-0.043,-0.713,0.0,False
743,769,m,86,14,0.0,Yes,0.0,0.0,0.0,12.0,True,11.5,-0.206,-1.195,1.0,False
744,770,f,59,12,0.0,Yes,0.0,0.0,0.0,13.0,True,11.5,0.096,-0.97,0.0,False
745,771,m,71,13,1.0,Yes,0.0,0.0,0.0,9.0,False,4.5,-0.638,-1.812,0.0,False
746,772,f,64,10,0.0,Yes,0.0,0.0,0.0,16.0,True,0.5,-0.963,-0.128,0.0,True
748,774,f,62,18,1.0,Yes,0.0,0.0,0.0,14.0,True,2.5,-1.816,0.349,1.0,False
749,775,f,70,15,0.0,Yes,0.0,0.0,0.0,13.0,True,0.5,-0.69,-1.638,0.0,True
751,777,f,89,14,1.0,Yes,0.0,0.0,0.0,18.0,True,17.5,-0.547,0.631,1.0,False
752,778,f,75,12,2.0,No,0.0,0.0,0.0,15.0,True,5.5,-1.531,1.304,1.0,False
754,780,f,56,13,1.0,Yes,0.0,0.0,0.0,17.0,True,13.5,-1.156,2.07,1.0,False
755,781,m,67,15,1.0,Yes,0.0,0.0,1.0,12.0,True,9.5,-0.555,-0.61,0.0,False
756,783,m,61,17,1.0,No,0.0,0.0,1.0,15.0,True,15.5,1.518,-0.267,1.0,False
757,784,f,87,20,2.0,Yes,0.0,0.0,0.0,17.0,True,0.0,-0.847,-1.01,0.0,False
758,785,f,80,15,0.0,No,0.0,0.0,1.0,16.0,True,12.5,0.919,-0.297,0.0,False
759,786,f,76,16,0.0,Yes,0.0,0.0,1.0,14.995756718528996,True,6.5,-0.201,-1.796,1.0,False
760,787,f,85,10,1.0,No,0.0,0.0,0.0,16.0,True,14.5,0.889,-1.07,1.0,False
761,788,m,70,18,1.0,Yes,1.0,0.0,0.0,16.0,True,5.5,0.389,-0.043,1.0,False
762,789,m,88,11,0.0,No,0.0,0.0,0.0,11.0,True,2.5,1.648,1.598,0.0,True
763,790,m,69,20,1.0,Yes,0.0,0.0,0.0,10.0,True,8.5,0.573,-0.68,1.0,False
765,792,m,83,14,0.0,Yes,0.0,0.0,0.0,15.0,True,10.5,-1.617,1.672,1.0,False
766,793,f,74,17,0.0,Yes,0.0,0.0,0.0,10.0,True,7.5,-0.107,-0.81,0.0,False
767,794,m,67,12,1.0,No,0.0,0.0,1.0,16.0,True,12.5,0.699,-0.966,0.0,False
768,795,f,79,14,0.0,No,0.0,0.0,0.0,19.0,True,0.0,-0.542,1.088,1.0,False
769,796,f,81,19,1.0,No,0.0,0.0,1.0,18.0,True,16.5,-0.981,0.156,0.0,False
770,797,f,59,18,1.0,No,0.0,0.0,0.0,16.0,True,4.5,0.304,-0.206,1.0,False
771,798,m,65,12,0.0,Yes,0.0,0.0,0.0,12.0,True,15.5,-0.009,-0.589,0.0,False
772,799,m,88,12,2.0,Yes,0.0,1.0,0.0,12.0,True,8.5,-1.153,-0.517,1.0,False
773,800,f,53,11,2.0,Yes,0.0,0.0,1.0,8.0,True,13.5,-1.886,-0.004,0.0,False
774,801,f,86,16,0.0,No,0.0,0.0,0.0,10.0,True,15.5,-0.401,1.179,0.0,False
775,802,f,81,11,0.0,No,0.0,0.0,0.0,16.0,True,11.5,0.168,-0.345,0.0,False
776,803,m,86,14,0.0,Yes,0.0,0.0,1.0,13.0,True,0.0,0.303,0.088,0.0,True
777,804,m,69,19,1.0,Yes,0.0,0.0,0.0,15.0,True,6.5,0.482,-2.729,1.0,False
778,805,m,69,15,2.0,Yes,0.0,0.0,1.0,11.0,True,0.0,0.909,-0.241,1.0,False
779,806,m,50,10,2.0,Yes,0.0,0.0,1.0,19.0,True,3.5,-0.276,-0.607,1.0,True
780,807,f,86,10,1.0,Yes,0.0,0.0,0.0,17.0,True,5.5,1.099,0.611,1.0,False
781,808,m,52,15,2.0,Yes,0.0,0.0,0.0,11.0,True,0.0,0.937,-0.64,0.0,True
782,809,m,60,11,0.0,Yes,0.0,0.0,1.0,14.0,True,14.5,1.366,-0.482,1.0,False
783,810,m,78,15,2.0,Yes,0.0,0.0,1.0,19.0,True,16.5,1.113,0.494,1.0,False
785,812,f,60,17,0.0,No,0.0,0.0,0.0,16.0,True,10.5,0.287,1.645,1.0,False
786,813,un,86,18,1.0,Yes,0.0,0.0,0.0,13.0,True,1.5,-0.608,-0.354,0.0,False
787,814,f,85,16,2.0,Yes,0.0,0.0,0.0,15.0,True,6.5,0.502,1.503,0.0,False
788,815,u,65,13,0.0,Yes,0.0,0.0,0.0,13.0,True,0.5,-0.901,-0.714,0.0,False
789,816,m,58,13,1.0,No,0.0,0.0,1.0,13.0,True,12.5,-1.057,-0.491,0.0,False
790,817,f,85,13,1.0,Yes,0.0,0.0,0.0,19.0,True,1.5,-0.59,-1.159,0.0,True
791,818,m,84,19,0.0,Yes,0.0,0.0,0.0,12.0,True,6.5,-0.768,-0.987,1.0,False
792,819,un,73,11,1.0,No,1.0,0.0,0.0,18.0,True,16.5,-0.058,0.186,0.0,False
793,820,m,53,16,1.0,Yes,0.0,0.0,0.0,16.0,True,10.5,-1.586,0.317,1.0,False
794,821,f,70,19,0.0,Yes,0.0,1.0,0.0,11.0,True,4.5,1.865,-0.917,1.0,False
795,822,m,85,18,0.0,No,1.0,0.0,0.0,16.0,True,9.5,-0.449,1.475,0.0,False
796,823,f,76,18,0.0,No,0.0,0.0,0.0,18.0,True,10.5,1.646,-0.657,0.0,False
797,824,m,67,12,1.0,Yes,0.0,0.0,0.0,15.0,False,13.5,0.353,-0.175,0.0,False
798,825,u,84,13,0.0,Yes,0.0,0.0,1.0,17.0,True,4.5,1.261,-0.16,0.0,False
799,826,u,85,11,2.0,Yes,0.0,0.0,0.0,14.995756718528996,True,0.0,1.002,-0.008,1.0,False
801,828,f,67,14,0.0,Yes,0.0,0.0,0.0,16.0,True,1.5,-0.25,0.636,0.0,True
803,830,u,72,18,0.0,Yes,0.0,0.0,0.0,17.0,False,0.0,-1.047,1.59,0.0,True
804,831,f,68,16,0.0,Yes,0.0,0.0,0.0,10.0,False,16.5,1.774,0.709,0.0,False
805,832,m,67,15,1.0,Yes,0.0,0.0,0.0,14.0,True,3.5,-0.185,0.505,1.0,False
807,835,m,69,12,0.0,No,0.0,0.0,1.0,9.0,True,17.5,-0.41,0.125,1.0,False
808,836,u,62,18,0.0,Yes,0.0,0.0,0.0,16.0,False,0.0,-0.079,1.448,1.0,True
809,837,f,50,11,0.0,Yes,0.0,0.0,0.0,16.0,True,15.5,0.354,0.489,1.0,False
810,838,m,81,19,2.0,Yes,0.0,1.0,0.0,16.0,True,0.0,-1.674,-0.16,1.0,True
811,839,un,73,18,2.0,Yes,0.0,0.0,1.0,13.0,True,0.0,-0.212,0.755,0.0,False
812,840,m,50,19,0.0,Yes,0.0,0.0,1.0,16.0,True,1.5,0.398,-0.129,0.0,False
813,841,un,75,18,2.0,No,0.0,0.0,0.0,13.0,True,9.5,-0.361,-1.383,1.0,False
814,842,f,88,14,1.0,Yes,0.0,0.0,0.0,14.0,True,2.5,0.063,-0.699,1.0,True
815,843,m,85,10,1.0,Yes,1.0,0.0,0.0,18.0,True,2.5,0.762,1.358,0.0,True
816,844,m,76,18,1.0,Yes,0.0,0.0,0.0,13.0,True,0.5,-1.294,1.397,0.0,True
818,846,f,67,13,0.0,No,0.0,0.0,1.0,10.0,True,0.0,-1.015,1.797,0.0,False
819,847,m,90,14,0.0,Yes,0.0,0.0,0.0,17.0,True,12.5,1.165,0.012,1.0,False
820,848,m,85,17,0.0,Yes,0.0,0.0,1.0,18.0,False,11.5,1.427,-0.787,0.0,False
821,849,m,77,11,0.0,Yes,0.0,0.0,0.0,12.0,True,1.5,1.847,-0.998,0.0,True
822,850,m,63,10,2.0,Yes,0.0,0.0,0.0,14.995756718528996,True,0.0,1.477,-0.281,0.0,True
824,852,m,80,12,2.0,No,0.0,1.0,0.0,16.0,True,5.5,0.863,0.394,0.0,False
825,853,un,88,13,1.0,No,0.0,0.0,1.0,14.995756718528996,True,11.5,0.732,-0.425,0.0,False
827,855,un,61,12,1.0,Yes,0.0,0.0,0.0,14.995756718528996,True,15.5,-0.522,-1.763,1.0,False
829,857,f,86,17,1.0,Yes,0.0,0.0,0.0,13.0,True,13.5,0.754,-0.004,0.0,False
830,858,f,53,13,1.0,No,0.0,1.0,0.0,16.0,True,8.5,0.013,0.293,0.0,False
831,859,f,78,11,2.0,Yes,0.0,0.0,0.0,18.0,False,12.5,-1.504,0.079,0.0,False
832,860,f,66,10,0.0,Yes,0.0,0.0,0.0,15.0,True,4.5,0.552,1.319,1.0,False
833,861,f,65,19,1.0,Yes,0.0,0.0,0.0,14.0,True,16.5,-1.069,1.207,0.0,False
834,862,m,58,11,1.0,Yes,0.0,0.0,0.0,13.0,True,2.5,-0.997,-0.469,1.0,False
835,863,m,79,20,1.0,Yes,0.0,0.0,0.0,17.0,True,11.5,0.951,1.257,1.0,False
836,864,f,89,13,0.0,Yes,0.0,0.0,0.0,17.0,True,11.5,-1.451,1.78,1.0,False
837,865,m,61,11,0.0,Yes,0.0,1.0,0.0,18.0,True,16.5,-1.357,1.489,1.0,False
838,866,m,55,18,0.0,No,0.0,0.0,0.0,20.0,True,17.5,-0.942,-1.652,1.0,False
839,867,f,55,16,0.0,Yes,0.0,0.0,1.0,14.0,True,11.5,-1.088,-1.461,0.0,False
840,868,f,67,19,2.0,Yes,0.0,0.0,0.0,15.0,True,2.5,-1.429,-0.283,0.0,False
841,869,m,82,19,1.0,Yes,0.0,0.0,1.0,13.0,True,14.5,0.445,-1.191,1.0,False
842,870,m,62,17,1.0,No,0.0,0.0,0.0,16.0,True,15.5,-0.617,-0.631,1.0,False
844,872,m,82,15,0.0,No,0.0,0.0,0.0,16.0,True,3.5,-0.396,0.835,1.0,True
845,873,m,83,19,1.0,No,0.0,1.0,0.0,15.0,True,17.5,-0.075,-0.823,0.0,False
846,874,f,75,15,2.0,Yes,0.0,0.0,1.0,13.0,True,14.5,0.382,1.039,1.0,False
847,875,f,50,13,2.0,Yes,0.0,0.0,1.0,21.0,True,0.0,0.125,0.299,1.0,True
848,876,m,81,17,2.0,Yes,0.0,0.0,0.0,17.0,True,0.5,0.631,0.714,1.0,True
849,877,un,82,19,1.0,Yes,0.0,0.0,0.0,11.0,True,15.5,2.467,0.971,1.0,False
850,878,f,55,16,0.0,Yes,0.0,0.0,0.0,14.0,True,8.5,-0.978,0.836,1.0,False
851,879,f,77,14,1.0,No,0.0,0.0,0.0,21.0,True,15.5,0.565,-0.421,0.0,False
853,881,f,63,18,1.0,Yes,1.0,0.0,0.0,14.995756718528996,False,2.5,2.304,0.714,1.0,False
854,882,f,54,20,0.0,Yes,0.0,0.0,1.0,13.0,True,17.5,-0.117,1.008,0.0,False
856,884,m,67,13,0.0,No,0.0,0.0,1.0,8.0,True,9.5,-0.098,1.098,0.0,False
858,886,m,60,11,2.0,Yes,0.0,0.0,1.0,18.0,True,14.5,-1.314,1.492,0.0,False
859,887,m,79,16,0.0,No,1.0,0.0,0.0,14.995756718528996,True,9.5,0.04,0.0,1.0,False
860,888,f,61,14,1.0,No,0.0,0.0,1.0,15.0,True,16.5,-0.801,1.806,0.0,False
861,889,f,50,19,2.0,Yes,0.0,0.0,1.0,13.0,True,5.5,-1.303,1.053,1.0,False
862,890,f,53,10,0.0,Yes,0.0,0.0,0.0,19.0,True,3.5,0.506,-0.166,0.0,True
863,891,f,71,18,0.0,No,0.0,1.0,0.0,14.0,True,5.5,-1.067,-0.267,0.0,False
865,893,m,83,11,0.0,Yes,0.0,0.0,0.0,13.0,True,12.5,-0.451,-0.135,1.0,False
866,894,f,73,18,0.0,Yes,0.0,0.0,1.0,11.0,True,8.5,1.325,0.682,1.0,False
869,897,m,81,13,1.0,Yes,0.0,0.0,1.0,15.0,True,11.5,0.338,1.311,0.0,False
870,898,m,70,16,1.0,Yes,0.0,0.0,1.0,13.0,True,16.5,0.464,-0.094,1.0,False
871,899,un,57,14,2.0,No,0.0,0.0,0.0,12.0,True,2.5,0.761,-2.687,1.0,False
