,sex,age_years,years_education,APOE4,family_dementia_history,TAUO,NEUROD,mmse_total,Depression,cdr_sob,DX,LHVL,LHVR,LHV,VASCULAR,AMYL
0,f,51,11,0.0,Yes,0.0,1.0,16.0,False,16.5,Dem,-1.701,-0.521,-2.221,0.0,0.0
1,m,76,10,2.0,Yes,0.0,0.0,14.0,True,1.5,MCI,0.254,0.025,0.279,1.0,0.0
2,f,61,14,0.0,Yes,0.0,0.0,15.0,True,5.5,Dem,-0.642,-0.657,-1.299,1.0,0.0
3,f,53,10,1.0,Yes,0.0,0.0,16.0,True,,,-2.135,0.95,-1.185,1.0,0.0
4,m,56,19,2.0,Yes,0.0,0.0,20.0,True,10.5,Dem,-0.909,-0.139,-1.048,0.0,0.0
5,f,80,19,2.0,Yes,1.0,0.0,17.0,True,0.5,MCI,-0.025,-0.679,-0.703,1.0,0.0
6,f,77,15,1.0,Yes,0.0,0.0,17.0,True,,,-0.003,0.296,0.293,0.0,0.0
7,m,62,19,0.0,No,0.0,0.0,13.0,True,3.5,MCI,1.125,0.646,1.772,1.0,0.0
8,f,75,19,2.0,No,0.0,0.0,11.0,True,9.5,Dem,-0.632,-1.346,-1.978,0.0,0.0
9,m,59,11,0.0,Yes,0.0,1.0,16.0,True,,,-1.019,1.169,0.15,1.0,0.0
10,f,50,15,0.0,No,0.0,0.0,,True,12.5,Dem,0.251,-2.013,-1.762,1.0,0.0
11,m,90,18,0.0,Yes,0.0,0.0,18.0,True,16.5,Dem,-0.366,-0.248,-0.614,0.0,1.0
12,m,52,11,1.0,Yes,0.0,1.0,,True,2.5,MCI,-1.993,0.204,-1.789,1.0,0.0
13,m,50,15,,Yes,0.0,0.0,12.0,True,4.5,Dem,1.313,1.329,2.642,1.0,0.0
14,f,56,17,0.0,Yes,0.0,1.0,15.0,True,0.5,MCI,-1.02,-0.851,-1.871,1.0,0.0
15,m,51,16,0.0,Yes,0.0,0.0,14.0,True,9.5,Dem,-1.505,1.469,-0.036,1.0,0.0
16,f,63,17,1.0,Yes,0.0,1.0,12.0,True,4.5,Dem,0.795,-1.024,-0.229,1.0,0.0
17,m,70,12,0.0,Yes,0.0,0.0,,True,1.5,MCI,0.787,0.298,1.085,0.0,0.0
18,f,78,15,0.0,Yes,0.0,0.0,17.0,True,4.5,Dem,-0.054,1.557,1.503,0.0,0.0
19,m,67,18,0.0,No,1.0,0.0,17.0,True,,,-1.18,0.083,-1.097,0.0,0.0
20,m,61,17,0.0,Yes,0.0,0.0,12.0,True,4.5,Dem,0.123,0.102,0.225,1.0,0.0
21,m,71,16,1.0,Yes,0.0,1.0,14.0,True,5.5,Dem,-1.085,-1.094,-2.179,1.0,0.0
22,m,77,20,1.0,Yes,0.0,0.0,,False,12.5,Dem,-1.279,0.218,-1.062,0.0,0.0
23,m,74,18,0.0,No,0.0,1.0,20.0,True,0.0,NC,-0.408,0.453,0.045,0.0,0.0
24,f,90,20,2.0,No,0.0,1.0,16.0,False,0.0,NC,1.448,1.109,2.556,1.0,0.0
25,m,84,17,0.0,Yes,0.0,0.0,9.0,True,17.5,Dem,1.859,0.456,2.316,1.0,0.0
26,un,75,11,0.0,Yes,0.0,0.0,16.0,True,15.5,Dem,0.941,1.316,2.257,0.0,0.0
27,u,58,16,1.0,Yes,0.0,0.0,15.0,True,5.5,Dem,-0.067,-0.876,-0.943,1.0,0.0
28,un,82,20,2.0,Yes,0.0,0.0,18.0,True,11.5,Dem,-0.032,-1.64,-1.672,1.0,0.0
29,m,63,19,1.0,No,0.0,1.0,14.0,True,15.5,Dem,-0.666,1.891,1.226,1.0,0.0
30,m,76,20,0.0,Yes,0.0,0.0,18.0,True,,,-0.016,0.849,0.833,0.0,0.0
31,m,61,11,0.0,No,0.0,0.0,11.0,True,1.5,MCI,0.835,-1.109,-0.274,0.0,0.0
32,m,63,19,0.0,Yes,0.0,1.0,22.0,True,9.5,Dem,-0.412,0.433,0.021,0.0,0.0
33,f,61,10,,Yes,0.0,0.0,17.0,True,14.5,Dem,-0.5,-0.747,-1.247,1.0,0.0
34,f,69,10,2.0,Yes,0.0,1.0,13.0,True,5.5,Dem,-1.541,-0.951,-2.493,0.0,0.0
35,f,72,11,,Yes,0.0,0.0,17.0,True,7.5,Dem,-0.158,0.27,0.113,1.0,0.0
36,m,71,14,2.0,Yes,0.0,1.0,17.0,True,7.5,Dem,-1.452,-0.001,-1.453,0.0,0.0
37,m,62,18,1.0,Yes,0.0,0.0,,True,14.5,Dem,-0.66,-1.0,-1.661,0.0,1.0
38,m,54,12,0.0,Yes,0.0,1.0,13.0,True,5.5,Dem,0.674,-0.908,-0.234,0.0,0.0
39,f,85,13,0.0,Yes,0.0,0.0,13.0,True,11.5,Dem,0.367,-0.487,-0.119,1.0,0.0
40,f,69,14,2.0,Yes,0.0,0.0,12.0,True,,,0.912,0.159,1.071,1.0,0.0
41,m,82,17,0.0,Yes,0.0,1.0,18.0,True,,,-0.809,-0.367,-1.177,1.0,0.0
42,f,79,18,0.0,Yes,0.0,0.0,18.0,True,0.5,MCI,0.673,1.007,1.68,1.0,0.0
43,f,58,12,0.0,Yes,0.0,0.0,14.0,True,12.5,Dem,-0.539,-1.094,-1.633,1.0,0.0
44,un,58,12,1.0,No,0.0,0.0,20.0,True,0.5,MCI,0.728,0.64,1.368,1.0,0.0
45,m,62,18,0.0,Yes,0.0,1.0,,True,0.5,MCI,-0.827,0.082,-0.745,1.0,0.0
46,f,90,10,0.0,No,1.0,1.0,,True,3.5,MCI,-1.405,0.026,-1.379,0.0,1.0
47,m,83,17,1.0,Yes,0.0,0.0,15.0,True,16.5,Dem,0.646,-0.368,0.278,1.0,0.0
48,m,80,14,0.0,Yes,0.0,1.0,11.0,True,0.0,NC,0.916,1.087,2.003,0.0,0.0
49,f,78,20,2.0,Yes,0.0,1.0,14.0,True,0.0,NC,0.232,-0.704,-0.471,1.0,0.0
50,m,76,19,,Yes,0.0,0.0,14.0,True,,,-0.561,0.083,-0.477,1.0,0.0
51,f,58,13,1.0,Yes,0.0,1.0,15.0,True,15.5,Dem,0.603,-0.96,-0.357,0.0,0.0
52,f,77,18,,Yes,0.0,1.0,19.0,True,3.5,MCI,1.428,-1.184,0.244,1.0,0.0
53,f,64,14,2.0,Yes,0.0,1.0,13.0,False,10.5,Dem,0.166,0.492,0.659,0.0,1.0
54,m,67,19,,Yes,0.0,1.0,15.0,True,16.5,Dem,1.202,-0.23,0.972,1.0,0.0
55,m,64,20,,Yes,0.0,1.0,10.0,True,15.5,Dem,1.543,0.616,2.159,0.0,0.0
56,f,65,20,0.0,No,0.0,0.0,17.0,True,2.5,MCI,-1.62,0.495,-1.126,1.0,0.0
57,m,72,13,0.0,Yes,0.0,0.0,14.0,False,1.5,MCI,-1.217,0.879,-0.338,1.0,0.0
58,m,61,19,1.0,Yes,0.0,1.0,17.0,True,6.5,Dem,-0.158,0.05,-0.108,1.0,0.0
59,m,89,18,0.0,No,0.0,0.0,16.0,True,2.5,MCI,-0.611,0.637,0.026,0.0,0.0
60,f,60,13,0.0,No,0.0,0.0,17.0,True,15.5,Dem,-1.509,0.57,-0.94,0.0,0.0
61,m,62,18,2.0,Yes,0.0,0.0,9.0,True,9.5,Dem,-0.577,-0.083,-0.659,0.0,0.0
62,m,64,20,2.0,No,0.0,0.0,19.0,False,,,-0.627,-0.979,-1.606,0.0,0.0
63,f,88,12,0.0,Yes,0.0,0.0,18.0,True,0.0,NC,1.513,0.256,1.769,0.0,0.0
64,f,53,18,0.0,Yes,0.0,0.0,13.0,True,11.5,Dem,0.853,0.151,1.003,0.0,0.0
65,m,53,20,1.0,Yes,0.0,0.0,15.0,True,,,0.027,-0.608,-0.581,0.0,0.0
66,f,88,18,0.0,No,0.0,0.0,14.0,True,17.5,Dem,-1.034,-2.328,-3.362,0.0,0.0
67,u,72,12,,Yes,0.0,1.0,13.0,True,11.5,Dem,-1.071,-0.098,-1.169,0.0,0.0
68,m,86,16,0.0,Yes,0.0,0.0,12.0,True,17.5,Dem,-0.971,0.859,-0.112,0.0,0.0
69,f,62,16,0.0,No,0.0,1.0,16.0,True,2.5,MCI,-0.475,1.123,0.647,0.0,0.0
70,u,77,16,,Yes,0.0,0.0,13.0,True,6.5,Dem,-0.479,-0.543,-1.022,0.0,0.0
71,m,69,14,0.0,Yes,0.0,0.0,16.0,True,0.0,NC,-1.428,1.023,-0.406,0.0,0.0
72,m,63,18,0.0,Yes,0.0,0.0,12.0,True,0.0,NC,-0.422,-2.525,-2.947,1.0,0.0
73,m,72,20,0.0,No,0.0,0.0,16.0,True,6.5,Dem,1.426,0.802,2.229,1.0,0.0
74,un,55,14,2.0,No,0.0,0.0,14.0,True,8.5,Dem,1.286,-1.068,0.218,0.0,0.0
75,m,83,17,0.0,Yes,0.0,1.0,13.0,True,6.5,Dem,1.446,-0.075,1.371,1.0,0.0
76,f,79,17,0.0,Yes,0.0,0.0,17.0,True,,,-0.659,-0.808,-1.467,0.0,0.0
77,f,86,13,0.0,Yes,0.0,1.0,17.0,True,14.5,Dem,-0.451,2.195,1.744,1.0,0.0
78,f,57,14,1.0,Yes,0.0,0.0,,False,15.5,Dem,-0.533,-1.427,-1.96,0.0,0.0
79,m,74,14,,No,0.0,0.0,15.0,True,0.0,NC,1.915,0.49,2.405,0.0,0.0
80,f,81,20,,Yes,0.0,0.0,11.0,True,6.5,Dem,-0.596,1.554,0.958,1.0,0.0
81,f,61,12,0.0,No,1.0,1.0,19.0,True,8.5,Dem,0.009,0.08,0.089,0.0,0.0
82,m,68,20,2.0,No,0.0,1.0,15.0,True,9.5,Dem,-0.255,-0.501,-0.756,1.0,0.0
83,f,74,10,1.0,Yes,0.0,0.0,13.0,True,14.5,Dem,2.678,2.619,5.297,0.0,0.0
84,f,62,20,0.0,Yes,0.0,0.0,13.0,True,5.5,Dem,0.373,-0.762,-0.389,1.0,0.0
85,f,86,13,0.0,Yes,0.0,1.0,9.0,True,5.5,Dem,0.79,0.214,1.004,1.0,0.0
86,m,57,10,,No,0.0,1.0,18.0,True,16.5,Dem,0.516,-1.358,-0.842,0.0,0.0
87,f,61,18,1.0,Yes,0.0,0.0,17.0,False,,,0.184,1.428,1.612,0.0,0.0
88,f,51,14,0.0,Yes,0.0,0.0,,True,14.5,Dem,-0.786,0.125,-0.661,1.0,0.0
89,m,82,15,1.0,No,0.0,0.0,,True,7.5,Dem,-0.466,-0.074,-0.54,1.0,0.0
90,m,68,17,1.0,No,0.0,0.0,18.0,True,1.5,MCI,0.801,-1.229,-0.427,1.0,0.0
91,f,61,10,1.0,Yes,0.0,0.0,17.0,False,2.5,MCI,0.088,-2.089,-2.002,0.0,0.0
92,f,64,11,0.0,No,0.0,1.0,18.0,True,15.5,Dem,-0.538,0.95,0.412,1.0,0.0
93,m,72,16,0.0,Yes,0.0,0.0,15.0,False,9.5,Dem,0.074,1.005,1.079,1.0,0.0
94,f,50,12,0.0,Yes,0.0,0.0,13.0,True,16.5,Dem,0.207,0.972,1.179,1.0,0.0
95,f,62,12,1.0,Yes,0.0,0.0,20.0,False,4.5,Dem,1.937,-1.034,0.903,0.0,0.0
96,f,79,14,0.0,Yes,0.0,0.0,15.0,True,9.5,Dem,0.461,0.415,0.876,1.0,0.0
97,m,51,19,,No,0.0,1.0,15.0,True,0.0,NC,-0.883,-1.542,-2.424,0.0,0.0
98,f,50,13,1.0,Yes,0.0,0.0,11.0,True,13.5,Dem,0.006,-1.31,-1.304,1.0,0.0
99,m,55,19,0.0,No,0.0,0.0,10.0,True,,,-0.265,0.513,0.249,1.0,0.0
100,m,90,14,1.0,Yes,0.0,1.0,11.0,True,5.5,Dem,0.134,0.952,1.086,1.0,0.0
101,f,52,12,1.0,Yes,0.0,1.0,17.0,True,12.5,Dem,-0.965,-1.129,-2.094,1.0,1.0
102,f,82,15,1.0,Yes,0.0,0.0,12.0,True,,,0.379,0.925,1.304,1.0,0.0
103,m,86,14,0.0,Yes,0.0,1.0,12.0,True,14.5,Dem,-1.14,1.052,-0.088,0.0,0.0
104,u,61,10,1.0,Yes,0.0,0.0,15.0,True,1.5,MCI,0.326,-1.38,-1.053,0.0,0.0
105,u,55,20,2.0,No,1.0,0.0,17.0,True,3.5,MCI,0.3,0.794,1.094,1.0,0.0
106,f,63,17,0.0,Yes,0.0,0.0,14.0,True,16.5,Dem,-0.091,-1.205,-1.296,1.0,0.0
107,m,75,19,0.0,Yes,0.0,0.0,11.0,True,3.5,MCI,0.071,-1.026,-0.955,1.0,0.0
108,f,83,16,0.0,No,1.0,0.0,18.0,True,5.5,Dem,-0.157,-0.431,-0.589,0.0,0.0
109,f,52,14,1.0,Yes,0.0,1.0,18.0,True,,,1.028,-1.905,-0.877,1.0,0.0
110,f,84,19,0.0,Yes,0.0,1.0,18.0,True,7.5,Dem,0.464,0.477,0.94,0.0,0.0
111,f,66,14,0.0,Yes,0.0,0.0,12.0,True,5.5,Dem,0.208,0.309,0.517,0.0,0.0
112,m,85,10,1.0,No,0.0,0.0,14.0,True,0.0,NC,1.286,1.46,2.746,1.0,0.0
113,f,50,10,0.0,Yes,0.0,0.0,10.0,True,4.5,Dem,-0.948,-1.65,-2.598,1.0,0.0
114,m,89,19,1.0,Yes,0.0,1.0,17.0,True,16.5,Dem,0.117,-0.788,-0.67,0.0,0.0
115,f,67,19,1.0,Yes,0.0,1.0,,False,11.5,Dem,0.335,0.864,1.199,1.0,1.0
116,f,66,11,0.0,No,0.0,0.0,19.0,True,5.5,Dem,-1.541,0.499,-1.043,1.0,0.0
117,m,71,17,,Yes,0.0,0.0,11.0,True,2.5,MCI,-0.178,-0.29,-0.468,1.0,0.0
118,f,51,12,0.0,Yes,0.0,0.0,14.0,True,11.5,Dem,0.46,1.308,1.768,0.0,0.0
119,m,69,10,0.0,Yes,0.0,0.0,10.0,True,10.5,Dem,-0.422,1.29,0.868,0.0,0.0
120,m,87,16,1.0,Yes,0.0,1.0,18.0,True,,,0.152,0.849,1.001,1.0,0.0
121,m,84,10,0.0,Yes,0.0,1.0,15.0,True,9.5,Dem,-0.048,1.227,1.179,0.0,1.0
122,u,60,19,1.0,No,0.0,1.0,19.0,True,13.5,Dem,-0.255,-1.385,-1.64,1.0,0.0
123,m,55,18,1.0,Yes,0.0,0.0,19.0,True,0.0,NC,-0.766,-0.291,-1.056,1.0,0.0
124,f,58,17,2.0,Yes,0.0,1.0,12.0,True,12.5,Dem,1.798,0.406,2.203,1.0,0.0
125,m,52,10,0.0,Yes,0.0,0.0,16.0,True,12.5,Dem,1.188,-1.563,-0.376,0.0,0.0
126,m,72,12,0.0,Yes,0.0,0.0,18.0,True,17.5,Dem,0.618,0.056,0.675,1.0,1.0
127,m,81,13,1.0,Yes,0.0,1.0,,True,6.5,Dem,0.872,0.261,1.133,1.0,0.0
128,m,83,10,,Yes,0.0,0.0,16.0,True,3.5,MCI,-0.249,-0.914,-1.162,1.0,0.0
129,m,59,18,1.0,No,0.0,1.0,16.0,True,11.5,Dem,1.771,0.78,2.551,0.0,0.0
130,m,78,10,0.0,Yes,0.0,1.0,21.0,False,,,-1.328,0.98,-0.347,0.0,0.0
131,f,53,11,,Yes,0.0,0.0,16.0,False,1.5,MCI,0.145,-0.802,-0.657,1.0,0.0
132,m,61,16,0.0,No,0.0,0.0,20.0,True,11.5,Dem,-0.255,0.849,0.594,0.0,0.0
133,un,77,17,0.0,Yes,0.0,1.0,12.0,True,5.5,Dem,0.961,1.288,2.249,1.0,0.0
134,f,72,15,0.0,Yes,0.0,0.0,15.0,True,7.5,Dem,0.045,2.145,2.19,1.0,0.0
135,u,78,19,0.0,Yes,0.0,1.0,14.0,False,10.5,Dem,-1.51,-0.752,-2.262,0.0,0.0
136,f,76,10,,Yes,0.0,0.0,12.0,False,14.5,Dem,0.002,0.43,0.432,0.0,0.0
137,f,83,11,2.0,Yes,0.0,1.0,11.0,False,,,0.293,0.569,0.861,1.0,0.0
138,f,70,15,0.0,Yes,0.0,0.0,16.0,True,,,2.286,-0.67,1.616,0.0,0.0
139,m,87,20,2.0,Yes,1.0,1.0,15.0,True,9.5,Dem,-1.59,-0.177,-1.767,0.0,0.0
140,f,52,11,0.0,Yes,0.0,0.0,20.0,True,13.5,Dem,-0.897,-0.132,-1.029,0.0,0.0
141,m,75,19,0.0,No,0.0,0.0,14.0,True,,,1.546,0.049,1.595,0.0,0.0
142,m,61,20,0.0,No,0.0,1.0,19.0,True,2.5,MCI,-1.333,-0.199,-1.532,1.0,1.0
143,m,68,15,0.0,Yes,0.0,1.0,17.0,True,0.0,NC,0.258,-1.275,-1.017,1.0,0.0
144,m,59,10,,Yes,0.0,0.0,18.0,True,3.5,MCI,-1.297,-1.001,-2.298,1.0,0.0
145,m,76,15,1.0,Yes,0.0,0.0,16.0,True,0.5,MCI,-1.499,-0.579,-2.078,0.0,0.0
146,m,79,12,0.0,Yes,0.0,0.0,15.0,True,4.5,Dem,1.055,-1.894,-0.839,0.0,0.0
147,m,89,14,1.0,No,0.0,1.0,13.0,True,8.5,Dem,1.492,1.027,2.519,1.0,0.0
148,f,55,14,0.0,Yes,0.0,0.0,14.0,True,13.5,Dem,-0.102,-1.517,-1.618,1.0,0.0
149,m,82,10,,Yes,0.0,0.0,17.0,True,0.0,NC,-0.083,-1.162,-1.245,0.0,0.0
150,m,81,19,0.0,No,0.0,0.0,,True,8.5,Dem,-1.699,-0.699,-2.398,0.0,0.0
151,f,88,13,0.0,Yes,0.0,0.0,19.0,True,,,-0.601,0.644,0.043,0.0,0.0
152,f,79,18,,Yes,0.0,0.0,13.0,True,16.5,Dem,-0.491,0.829,0.338,0.0,0.0
153,f,54,15,2.0,Yes,0.0,0.0,18.0,True,0.5,MCI,1.317,-3.101,-1.784,0.0,0.0
154,m,78,15,0.0,No,0.0,1.0,20.0,True,0.5,MCI,-0.423,0.471,0.048,0.0,0.0
155,m,78,14,1.0,No,0.0,1.0,18.0,True,6.5,Dem,0.011,1.009,1.02,0.0,0.0
156,m,55,20,0.0,Yes,0.0,1.0,19.0,True,8.5,Dem,1.244,2.579,3.824,1.0,0.0
157,un,55,11,0.0,No,0.0,0.0,16.0,True,8.5,Dem,-0.435,-0.357,-0.793,1.0,0.0
158,f,68,19,0.0,Yes,0.0,0.0,12.0,False,14.5,Dem,0.227,-1.582,-1.355,0.0,0.0
159,un,75,13,2.0,No,0.0,0.0,15.0,True,10.5,Dem,-1.524,2.674,1.15,1.0,0.0
160,f,66,16,0.0,Yes,0.0,1.0,14.0,True,14.5,Dem,1.043,0.604,1.646,1.0,0.0
161,m,61,10,1.0,Yes,0.0,1.0,12.0,True,10.5,Dem,-0.596,1.083,0.487,0.0,0.0
162,f,51,19,1.0,No,0.0,1.0,17.0,True,0.0,NC,-0.131,-1.653,-1.784,0.0,0.0
163,m,71,11,0.0,No,0.0,0.0,15.0,True,1.5,MCI,1.175,-3.3,-2.125,0.0,0.0
164,f,83,18,0.0,No,0.0,0.0,15.0,True,0.0,NC,-0.663,-0.17,-0.832,1.0,0.0
165,f,76,18,0.0,No,0.0,0.0,15.0,True,14.5,Dem,0.08,-2.505,-2.425,1.0,0.0
166,m,83,10,0.0,Yes,0.0,0.0,14.0,True,0.5,MCI,-1.145,-0.267,-1.412,0.0,0.0
167,f,53,17,,Yes,0.0,1.0,,False,0.0,NC,-0.976,0.046,-0.93,0.0,0.0
168,m,89,10,1.0,Yes,0.0,0.0,21.0,True,0.0,NC,1.503,-0.013,1.49,1.0,1.0
169,u,86,10,1.0,Yes,0.0,1.0,19.0,True,0.0,NC,1.058,-0.506,0.552,1.0,0.0
170,f,65,16,,Yes,0.0,0.0,17.0,True,2.5,MCI,-0.065,0.287,0.223,1.0,0.0
171,m,86,15,0.0,Yes,0.0,0.0,16.0,True,0.0,NC,-0.814,-1.731,-2.545,0.0,0.0
172,m,68,13,2.0,Yes,0.0,1.0,14.0,True,14.5,Dem,-1.368,0.508,-0.86,1.0,0.0
173,u,77,12,2.0,Yes,0.0,0.0,16.0,True,8.5,Dem,0.413,0.741,1.154,1.0,0.0
174,f,54,10,0.0,Yes,0.0,0.0,,True,12.5,Dem,0.251,-0.128,0.124,1.0,1.0
175,m,62,17,1.0,Yes,0.0,0.0,16.0,True,12.5,Dem,0.036,0.01,0.046,0.0,0.0
176,m,84,14,1.0,Yes,0.0,1.0,16.0,True,10.5,Dem,-0.358,-0.204,-0.563,1.0,0.0
177,f,65,14,0.0,No,0.0,0.0,12.0,True,3.5,MCI,1.001,-0.9,0.101,1.0,1.0
178,m,85,18,0.0,Yes,0.0,0.0,15.0,True,11.5,Dem,-0.463,-1.172,-1.635,1.0,0.0
179,m,85,20,2.0,Yes,0.0,0.0,,True,4.5,Dem,-0.466,-0.863,-1.329,0.0,0.0
180,m,85,18,0.0,No,0.0,0.0,,True,1.5,MCI,0.191,0.524,0.715,0.0,0.0
181,f,50,18,2.0,No,0.0,1.0,18.0,True,13.5,Dem,0.029,-0.521,-0.492,0.0,0.0
182,m,77,19,0.0,Yes,0.0,0.0,,True,4.5,Dem,0.584,-0.09,0.494,0.0,0.0
183,f,67,19,0.0,No,0.0,0.0,13.0,True,15.5,Dem,0.983,-0.242,0.741,1.0,0.0
184,u,53,17,2.0,Yes,0.0,0.0,8.0,True,13.5,Dem,0.595,0.656,1.251,0.0,0.0
185,f,89,17,0.0,No,0.0,0.0,11.0,True,0.5,MCI,-0.664,0.488,-0.176,0.0,0.0
186,f,81,16,2.0,Yes,0.0,0.0,14.0,True,4.5,Dem,-0.844,-0.229,-1.074,1.0,1.0
187,m,59,18,0.0,Yes,0.0,0.0,15.0,True,0.0,NC,1.788,-2.33,-0.542,1.0,0.0
188,f,83,11,,No,0.0,0.0,16.0,True,2.5,MCI,0.304,1.661,1.965,0.0,0.0
189,u,70,10,,Yes,0.0,0.0,10.0,True,15.5,Dem,-0.022,0.896,0.874,1.0,0.0
190,un,52,14,0.0,No,0.0,0.0,11.0,True,,,0.738,-0.784,-0.046,0.0,0.0
191,m,69,10,2.0,Yes,0.0,0.0,16.0,True,9.5,Dem,0.164,2.639,2.804,0.0,0.0
192,m,69,15,0.0,No,0.0,0.0,8.0,True,0.0,NC,-0.355,-0.246,-0.601,1.0,0.0
193,f,52,17,0.0,Yes,0.0,1.0,,True,9.5,Dem,-0.409,0.748,0.34,1.0,0.0
194,f,63,11,0.0,Yes,0.0,0.0,9.0,True,,,0.305,1.336,1.641,0.0,0.0
195,m,64,16,1.0,No,0.0,0.0,21.0,True,5.5,Dem,0.46,-0.212,0.248,0.0,1.0
196,m,59,20,1.0,Yes,0.0,0.0,17.0,True,3.5,MCI,0.933,1.165,2.097,1.0,0.0
197,m,54,19,0.0,Yes,0.0,0.0,16.0,True,9.5,Dem,-0.118,-0.371,-0.489,1.0,0.0
198,f,51,14,2.0,Yes,0.0,0.0,13.0,True,0.0,NC,-1.029,-1.332,-2.361,0.0,0.0
199,m,56,17,1.0,Yes,0.0,0.0,18.0,True,9.5,Dem,2.46,0.723,3.183,0.0,0.0
200,f,85,17,1.0,No,0.0,0.0,11.0,True,1.5,MCI,0.081,-1.654,-1.573,0.0,0.0
201,m,72,14,1.0,No,0.0,0.0,14.0,True,0.0,NC,0.303,0.573,0.876,0.0,0.0
202,un,90,18,0.0,No,0.0,0.0,13.0,True,3.5,MCI,0.329,-1.482,-1.153,0.0,0.0
203,f,62,17,,Yes,0.0,0.0,15.0,True,16.5,Dem,-0.262,-1.047,-1.309,0.0,0.0
204,f,82,17,1.0,No,0.0,1.0,16.0,True,0.0,NC,-1.233,0.319,-0.914,0.0,0.0
205,m,67,11,0.0,Yes,0.0,0.0,17.0,True,16.5,Dem,0.755,-1.33,-0.575,0.0,0.0
206,f,74,14,,Yes,0.0,0.0,14.0,True,12.5,Dem,-1.101,-0.327,-1.428,1.0,0.0
207,f,61,15,0.0,Yes,0.0,0.0,,True,14.5,Dem,-1.76,-0.018,-1.778,0.0,0.0
208,f,66,12,,Yes,0.0,0.0,17.0,True,,,-0.081,-0.728,-0.809,1.0,0.0
209,m,85,17,0.0,No,0.0,0.0,,True,1.5,MCI,-0.747,0.4,-0.347,1.0,1.0
210,m,61,10,0.0,Yes,0.0,1.0,18.0,True,9.5,Dem,0.581,0.019,0.6,0.0,0.0
211,f,88,13,0.0,No,0.0,0.0,16.0,True,13.5,Dem,-0.077,-1.095,-1.171,0.0,0.0
212,f,51,16,1.0,Yes,0.0,0.0,20.0,True,10.5,Dem,0.236,1.283,1.519,0.0,0.0
213,f,88,15,0.0,No,0.0,1.0,10.0,True,4.5,Dem,-0.331,-0.651,-0.982,0.0,0.0
214,f,63,17,0.0,Yes,0.0,1.0,15.0,True,0.5,MCI,-0.671,-0.698,-1.368,1.0,0.0
215,f,66,10,0.0,No,0.0,1.0,21.0,True,2.5,MCI,-0.124,0.129,0.005,0.0,1.0
216,f,78,10,0.0,No,0.0,0.0,16.0,True,4.5,Dem,-0.684,-2.142,-2.826,0.0,0.0
217,m,89,15,1.0,Yes,0.0,0.0,17.0,True,0.0,NC,-0.386,0.318,-0.068,0.0,0.0
218,f,83,12,1.0,Yes,0.0,0.0,,True,14.5,Dem,0.618,0.468,1.086,1.0,0.0
219,f,53,14,1.0,Yes,0.0,0.0,,True,6.5,Dem,-1.87,0.325,-1.546,0.0,0.0
220,m,56,20,0.0,Yes,0.0,0.0,11.0,True,4.5,Dem,-0.351,0.288,-0.062,1.0,0.0
221,f,80,13,0.0,Yes,0.0,0.0,15.0,True,0.0,NC,-0.08,0.285,0.205,1.0,0.0
222,f,57,19,2.0,Yes,0.0,0.0,15.0,True,11.5,Dem,-1.359,-0.645,-2.004,0.0,0.0
223,f,64,20,2.0,Yes,0.0,0.0,17.0,True,,,0.218,-0.435,-0.217,1.0,0.0
224,m,71,14,0.0,Yes,0.0,1.0,16.0,True,16.5,Dem,0.261,0.575,0.836,0.0,0.0
225,f,60,20,1.0,Yes,0.0,1.0,18.0,True,17.5,Dem,1.741,-2.999,-1.258,0.0,0.0
226,f,67,16,1.0,Yes,0.0,0.0,12.0,True,0.0,NC,-0.216,0.551,0.335,1.0,0.0
227,f,73,13,2.0,Yes,0.0,0.0,15.0,True,0.5,MCI,0.237,-0.171,0.066,0.0,0.0
228,m,68,20,1.0,Yes,0.0,1.0,13.0,True,14.5,Dem,-1.083,-0.484,-1.567,1.0,0.0
229,m,52,19,1.0,Yes,0.0,1.0,17.0,True,0.0,NC,1.727,-1.204,0.523,1.0,0.0
230,f,90,14,0.0,Yes,0.0,0.0,16.0,True,0.0,NC,-2.284,-0.828,-3.113,0.0,0.0
231,m,88,12,0.0,Yes,0.0,0.0,17.0,True,0.0,NC,0.53,-0.332,0.198,0.0,0.0
232,f,77,14,2.0,Yes,0.0,1.0,13.0,True,0.0,NC,0.876,-0.598,0.278,1.0,0.0
233,m,76,17,1.0,Yes,0.0,0.0,15.0,True,16.5,Dem,-1.696,-0.219,-1.916,1.0,0.0
234,m,76,12,0.0,Yes,0.0,0.0,13.0,True,,,0.797,-2.204,-1.408,1.0,0.0
235,u,51,12,0.0,Yes,0.0,0.0,13.0,True,,,-0.947,0.974,0.027,1.0,0.0
236,f,59,14,1.0,Yes,0.0,0.0,14.0,False,2.5,MCI,-1.392,1.726,0.334,0.0,0.0
237,f,76,14,0.0,Yes,0.0,1.0,16.0,False,10.5,Dem,1.267,0.826,2.093,0.0,0.0
238,f,55,19,0.0,Yes,0.0,0.0,15.0,True,3.5,MCI,-0.231,0.795,0.563,1.0,0.0
239,m,76,14,2.0,Yes,0.0,0.0,14.0,False,6.5,Dem,0.503,0.808,1.311,1.0,0.0
240,m,79,14,2.0,No,0.0,0.0,15.0,True,,,-0.26,-1.09,-1.351,1.0,0.0
241,f,54,13,0.0,Yes,0.0,0.0,14.0,True,0.0,NC,1.726,-0.055,1.671,0.0,0.0
242,f,80,20,1.0,Yes,0.0,1.0,15.0,True,3.5,MCI,-0.62,-0.16,-0.78,1.0,0.0
243,f,69,12,0.0,Yes,0.0,0.0,15.0,True,0.0,NC,0.096,0.074,0.17,0.0,0.0
244,u,69,11,0.0,Yes,0.0,0.0,16.0,True,14.5,Dem,1.443,0.466,1.909,1.0,0.0
245,m,51,18,2.0,Yes,0.0,0.0,11.0,True,17.5,Dem,0.832,-0.632,0.2,0.0,0.0
246,f,75,18,1.0,Yes,0.0,0.0,17.0,True,0.0,NC,0.684,-0.424,0.26,0.0,0.0
247,m,52,16,0.0,Yes,0.0,0.0,18.0,True,2.5,MCI,-0.273,-0.254,-0.526,0.0,0.0
248,m,65,19,1.0,No,0.0,0.0,16.0,True,0.0,NC,-1.474,-0.733,-2.207,0.0,0.0
249,f,69,18,2.0,Yes,0.0,0.0,17.0,True,13.5,Dem,-1.93,-2.394,-4.323,1.0,0.0
250,f,58,18,0.0,Yes,0.0,1.0,15.0,True,,,0.299,-0.545,-0.246,0.0,0.0
251,m,74,20,2.0,Yes,0.0,0.0,13.0,True,0.0,NC,-1.341,-0.162,-1.503,0.0,0.0
252,f,81,15,1.0,Yes,0.0,1.0,19.0,True,0.5,MCI,-0.215,-0.209,-0.423,0.0,0.0
253,m,56,15,1.0,No,0.0,1.0,13.0,True,12.5,Dem,-1.217,0.486,-0.73,1.0,0.0
254,m,62,20,,Yes,0.0,0.0,15.0,True,0.0,NC,0.383,0.241,0.625,1.0,0.0
255,f,75,19,1.0,Yes,0.0,0.0,15.0,True,,,0.018,0.661,0.679,1.0,0.0
256,m,74,18,1.0,Yes,0.0,0.0,22.0,True,7.5,Dem,-0.02,1.289,1.269,0.0,1.0
257,m,61,13,1.0,Yes,0.0,0.0,13.0,True,0.0,NC,-0.413,-0.417,-0.83,0.0,0.0
258,m,76,12,0.0,No,0.0,1.0,16.0,True,0.5,MCI,0.641,1.309,1.95,1.0,0.0
259,m,78,12,1.0,Yes,0.0,1.0,18.0,True,5.5,Dem,-0.442,-2.045,-2.488,0.0,0.0
260,f,90,11,2.0,No,0.0,1.0,,True,0.0,NC,-0.752,-0.081,-0.833,0.0,0.0
261,f,73,20,1.0,Yes,0.0,1.0,19.0,False,17.5,Dem,-0.245,-1.146,-1.391,0.0,0.0
262,f,51,19,0.0,No,0.0,0.0,14.0,True,0.0,NC,1.151,-0.539,0.612,0.0,0.0
263,m,82,15,2.0,Yes,0.0,0.0,18.0,True,16.5,Dem,-0.665,1.448,0.783,1.0,0.0
264,f,63,15,1.0,Yes,0.0,0.0,13.0,True,1.5,MCI,-0.984,1.563,0.58,0.0,0.0
265,m,71,13,0.0,No,0.0,0.0,17.0,True,17.5,Dem,0.117,-0.176,-0.06,0.0,0.0
266,m,64,15,1.0,Yes,0.0,1.0,19.0,True,12.5,Dem,2.278,-1.036,1.242,1.0,0.0
267,m,84,13,0.0,Yes,0.0,0.0,12.0,True,10.5,Dem,0.244,1.298,1.543,0.0,1.0
268,f,68,19,0.0,No,0.0,0.0,14.0,True,0.0,NC,-0.593,-0.973,-1.566,1.0,1.0
269,m,66,17,0.0,Yes,0.0,0.0,15.0,True,,,-0.137,-0.355,-0.492,0.0,0.0
270,f,74,12,0.0,No,0.0,0.0,16.0,False,10.5,Dem,0.516,1.473,1.989,0.0,0.0
271,m,87,10,0.0,Yes,0.0,0.0,12.0,True,4.5,Dem,-0.298,1.131,0.834,0.0,0.0
272,f,87,12,1.0,Yes,0.0,1.0,13.0,True,8.5,Dem,-0.853,-0.265,-1.117,1.0,0.0
273,m,89,10,2.0,No,0.0,1.0,17.0,True,4.5,Dem,0.228,-0.22,0.008,0.0,0.0
274,f,77,13,0.0,Yes,0.0,0.0,14.0,True,10.5,Dem,-0.732,-0.067,-0.799,1.0,0.0
275,un,68,13,1.0,No,0.0,0.0,16.0,True,17.5,Dem,0.316,1.213,1.529,1.0,1.0
276,f,61,20,0.0,Yes,0.0,1.0,19.0,True,2.5,MCI,1.563,-0.15,1.413,1.0,0.0
277,m,58,11,,Yes,0.0,0.0,,True,17.5,Dem,-0.212,-0.949,-1.161,0.0,0.0
278,m,76,15,0.0,Yes,0.0,0.0,21.0,True,12.5,Dem,-0.28,-0.16,-0.44,0.0,0.0
279,f,55,20,0.0,Yes,0.0,1.0,13.0,True,0.0,NC,0.949,2.126,3.075,1.0,0.0
280,f,51,19,0.0,Yes,0.0,0.0,16.0,False,14.5,Dem,-1.56,-2.019,-3.58,0.0,0.0
281,f,72,10,1.0,Yes,0.0,1.0,15.0,True,,,0.561,-0.82,-0.259,1.0,0.0
282,u,81,13,0.0,Yes,0.0,0.0,14.0,True,8.5,Dem,-1.118,-0.618,-1.736,0.0,0.0
283,f,90,13,0.0,Yes,0.0,1.0,13.0,True,10.5,Dem,0.538,0.364,0.902,0.0,0.0
284,m,89,17,0.0,Yes,1.0,0.0,17.0,True,0.5,MCI,0.212,-0.247,-0.035,1.0,0.0
285,f,62,15,0.0,Yes,0.0,1.0,13.0,False,0.0,NC,-0.757,0.216,-0.541,0.0,0.0
286,m,60,14,1.0,Yes,0.0,1.0,17.0,True,0.0,NC,-0.925,1.397,0.472,1.0,0.0
287,m,50,20,2.0,Yes,0.0,0.0,,True,0.5,MCI,1.352,1.0,2.352,0.0,0.0
288,m,70,11,,No,0.0,0.0,14.0,True,4.5,Dem,-0.778,-2.218,-2.995,0.0,0.0
289,f,57,19,0.0,Yes,0.0,1.0,16.0,True,0.5,MCI,0.163,1.529,1.692,0.0,0.0
290,f,56,15,0.0,Yes,0.0,0.0,,True,0.5,MCI,-2.353,1.815,-0.538,0.0,0.0
291,m,61,17,0.0,Yes,0.0,1.0,19.0,True,16.5,Dem,0.309,-0.856,-0.547,1.0,0.0
292,m,90,17,0.0,Yes,0.0,0.0,10.0,True,0.0,NC,-0.253,-0.516,-0.77,1.0,0.0
293,f,64,18,0.0,No,0.0,1.0,,True,0.5,MCI,1.044,0.856,1.9,1.0,0.0
294,u,58,14,0.0,No,0.0,0.0,14.0,True,9.5,Dem,-0.787,-1.098,-1.884,1.0,0.0
295,f,80,10,1.0,No,0.0,0.0,10.0,True,9.5,Dem,-0.352,1.368,1.015,1.0,0.0
296,f,80,14,0.0,No,0.0,1.0,18.0,True,3.5,MCI,1.163,-0.522,0.641,0.0,0.0
297,f,64,20,0.0,Yes,0.0,0.0,16.0,True,2.5,MCI,-1.93,1.47,-0.46,0.0,0.0
298,f,75,13,0.0,Yes,0.0,0.0,14.0,True,3.5,MCI,1.652,0.184,1.836,1.0,0.0
299,u,70,11,1.0,Yes,0.0,1.0,13.0,True,0.0,NC,1.163,1.98,3.142,0.0,0.0
300,m,63,14,0.0,Yes,0.0,0.0,18.0,True,6.5,Dem,0.644,0.159,0.802,0.0,0.0
301,f,90,20,0.0,No,0.0,0.0,16.0,True,3.5,MCI,-1.224,-0.833,-2.057,0.0,0.0
302,m,50,15,0.0,Yes,0.0,0.0,18.0,True,3.5,MCI,1.024,0.06,1.084,1.0,0.0
303,f,57,20,1.0,No,0.0,1.0,15.0,True,3.5,MCI,0.076,0.336,0.412,1.0,0.0
304,u,60,20,2.0,Yes,0.0,0.0,17.0,True,13.5,Dem,-0.111,1.002,0.891,0.0,0.0
305,f,51,13,0.0,Yes,0.0,1.0,,True,11.5,Dem,-1.45,0.771,-0.679,0.0,0.0
306,f,76,19,2.0,Yes,0.0,0.0,14.0,True,0.5,MCI,-2.666,-0.112,-2.778,0.0,0.0
307,m,52,20,2.0,No,0.0,0.0,15.0,True,0.0,NC,0.122,0.996,1.119,0.0,0.0
308,m,73,17,1.0,Yes,0.0,0.0,15.0,True,16.5,Dem,0.317,0.121,0.438,0.0,0.0
309,f,64,12,1.0,Yes,0.0,0.0,14.0,True,1.5,MCI,2.787,0.487,3.274,1.0,0.0
310,f,84,20,1.0,Yes,0.0,1.0,14.0,True,11.5,Dem,-0.105,-0.549,-0.654,1.0,0.0
311,m,90,13,0.0,Yes,0.0,0.0,,True,4.5,Dem,0.63,0.043,0.674,0.0,0.0
312,f,58,13,1.0,Yes,0.0,0.0,17.0,True,0.0,NC,-0.682,-0.428,-1.11,0.0,0.0
313,f,83,18,0.0,Yes,0.0,0.0,15.0,True,0.0,NC,1.051,0.55,1.601,0.0,0.0
314,m,55,11,2.0,Yes,0.0,0.0,13.0,True,5.5,Dem,-0.272,-0.546,-0.818,1.0,0.0
315,f,74,10,1.0,No,0.0,0.0,17.0,True,,,1.578,1.935,3.513,0.0,0.0
316,m,76,13,0.0,Yes,0.0,1.0,15.0,False,15.5,Dem,0.337,-2.264,-1.927,0.0,1.0
317,m,54,14,0.0,Yes,0.0,0.0,14.0,True,,,-0.146,-0.275,-0.42,1.0,0.0
318,f,76,19,0.0,Yes,0.0,0.0,15.0,True,12.5,Dem,0.839,-0.25,0.59,0.0,0.0
319,f,80,18,0.0,No,0.0,0.0,16.0,True,0.5,MCI,0.892,1.579,2.47,0.0,0.0
320,m,72,11,0.0,Yes,0.0,0.0,15.0,True,,,0.851,-0.813,0.038,1.0,0.0
321,f,69,18,1.0,No,0.0,1.0,13.0,True,14.5,Dem,-0.515,-1.058,-1.573,0.0,1.0
322,m,58,19,0.0,No,0.0,1.0,13.0,False,0.0,NC,1.767,-0.037,1.73,0.0,0.0
323,m,60,13,0.0,Yes,1.0,0.0,13.0,True,0.0,NC,-0.285,0.124,-0.161,1.0,0.0
324,f,78,14,2.0,Yes,0.0,0.0,20.0,True,11.5,Dem,-1.083,-0.937,-2.02,0.0,0.0
325,m,52,19,0.0,Yes,0.0,0.0,12.0,True,0.0,NC,-0.604,-0.796,-1.4,1.0,0.0
326,m,81,11,0.0,Yes,0.0,1.0,16.0,True,,,-1.602,1.27,-0.332,1.0,1.0
327,m,58,13,2.0,Yes,0.0,0.0,15.0,True,2.5,MCI,-0.43,-1.631,-2.061,1.0,0.0
328,f,90,11,2.0,Yes,0.0,1.0,15.0,True,11.5,Dem,0.263,1.49,1.753,1.0,0.0
329,m,60,20,1.0,No,0.0,1.0,17.0,True,3.5,MCI,-1.747,0.672,-1.075,0.0,0.0
330,f,83,12,1.0,Yes,0.0,1.0,14.0,True,0.0,NC,-0.066,-0.544,-0.61,1.0,0.0
331,f,77,11,,No,0.0,0.0,,True,10.5,Dem,0.548,1.164,1.712,1.0,0.0
332,m,72,13,0.0,Yes,0.0,0.0,13.0,True,14.5,Dem,-0.284,1.088,0.804,0.0,0.0
333,f,57,13,1.0,Yes,0.0,0.0,16.0,True,0.0,NC,-1.276,0.137,-1.14,0.0,0.0
334,m,66,14,0.0,Yes,0.0,0.0,17.0,True,7.5,Dem,0.389,-0.883,-0.494,0.0,0.0
335,m,64,14,0.0,Yes,0.0,0.0,13.0,True,1.5,MCI,0.143,-0.317,-0.174,1.0,1.0
336,m,50,14,0.0,Yes,0.0,1.0,12.0,True,14.5,Dem,-0.739,-0.464,-1.203,0.0,0.0
337,f,84,19,0.0,Yes,0.0,1.0,13.0,True,3.5,MCI,-0.626,0.154,-0.472,1.0,0.0
338,m,79,20,0.0,No,0.0,0.0,,True,0.0,NC,0.29,0.443,0.733,0.0,1.0
339,m,61,13,1.0,No,0.0,0.0,20.0,False,4.5,Dem,-1.775,-1.106,-2.881,1.0,0.0
340,f,87,15,1.0,Yes,0.0,0.0,18.0,True,12.5,Dem,-1.412,0.208,-1.205,0.0,0.0
341,m,66,12,1.0,Yes,0.0,0.0,16.0,True,,,0.653,0.899,1.551,1.0,0.0
342,m,76,12,0.0,No,0.0,0.0,13.0,True,16.5,Dem,-0.038,-0.71,-0.748,1.0,0.0
343,f,52,20,2.0,Yes,0.0,0.0,16.0,True,0.0,NC,-2.483,-1.413,-3.896,0.0,0.0
344,m,81,18,0.0,Yes,0.0,1.0,14.0,False,1.5,MCI,0.489,0.295,0.784,1.0,0.0
345,m,88,15,0.0,Yes,0.0,0.0,19.0,True,0.5,MCI,0.475,-0.52,-0.046,0.0,1.0
346,m,51,19,1.0,Yes,0.0,0.0,,True,0.5,MCI,-0.107,-0.711,-0.818,0.0,0.0
347,un,63,13,1.0,Yes,0.0,1.0,12.0,True,0.0,NC,0.925,0.905,1.83,1.0,0.0
348,m,74,15,,Yes,0.0,0.0,12.0,True,0.0,NC,0.865,-0.068,0.798,1.0,0.0
349,f,57,19,,Yes,0.0,0.0,13.0,True,11.5,Dem,0.917,0.582,1.499,1.0,0.0
350,m,67,16,0.0,No,0.0,0.0,15.0,True,3.5,MCI,-0.265,0.82,0.555,1.0,0.0
351,m,56,14,2.0,Yes,0.0,0.0,22.0,True,3.5,MCI,0.407,1.253,1.66,0.0,0.0
352,f,61,14,2.0,Yes,0.0,0.0,16.0,True,5.5,Dem,-0.28,1.089,0.809,0.0,0.0
353,f,68,19,2.0,No,0.0,1.0,19.0,True,4.5,Dem,1.027,0.037,1.064,1.0,0.0
354,m,80,10,2.0,Yes,0.0,0.0,17.0,True,3.5,MCI,0.931,0.462,1.393,1.0,0.0
355,f,67,16,1.0,No,0.0,0.0,,True,10.5,Dem,1.911,1.795,3.706,1.0,0.0
356,m,77,14,0.0,No,0.0,0.0,14.0,True,,,-0.024,-0.503,-0.527,0.0,0.0
357,f,63,14,0.0,Yes,0.0,1.0,14.0,True,13.5,Dem,-2.034,-0.172,-2.205,0.0,0.0
358,m,69,20,0.0,Yes,0.0,0.0,19.0,False,5.5,Dem,-2.033,-0.759,-2.792,0.0,0.0
359,f,78,19,0.0,Yes,0.0,1.0,20.0,True,6.5,Dem,-1.476,-1.147,-2.623,0.0,0.0
360,m,73,11,,No,0.0,0.0,16.0,True,17.5,Dem,-0.945,0.075,-0.87,0.0,0.0
361,m,70,17,2.0,No,0.0,1.0,12.0,True,11.5,Dem,0.737,-1.619,-0.882,0.0,0.0
362,f,87,20,2.0,Yes,1.0,0.0,9.0,True,0.0,NC,-1.493,0.465,-1.028,1.0,0.0
363,m,87,11,0.0,Yes,0.0,0.0,17.0,False,8.5,Dem,-1.167,-1.534,-2.701,1.0,0.0
364,f,90,13,0.0,Yes,0.0,0.0,15.0,False,0.0,NC,-0.497,0.173,-0.324,1.0,0.0
365,f,56,14,,Yes,0.0,0.0,13.0,True,12.5,Dem,0.552,-1.567,-1.016,1.0,1.0
366,m,53,12,1.0,No,0.0,0.0,14.0,True,3.5,MCI,-0.702,0.41,-0.292,1.0,0.0
367,m,75,19,1.0,Yes,0.0,0.0,14.0,True,6.5,Dem,0.743,-0.276,0.468,0.0,0.0
368,m,75,16,2.0,Yes,0.0,1.0,16.0,True,6.5,Dem,-1.17,1.098,-0.072,1.0,0.0
369,f,52,19,2.0,Yes,0.0,0.0,16.0,True,0.5,MCI,0.066,0.71,0.775,0.0,0.0
370,m,81,17,2.0,Yes,0.0,0.0,13.0,True,,,0.777,0.724,1.501,1.0,0.0
371,m,78,17,1.0,Yes,0.0,0.0,,True,2.5,MCI,-0.132,0.393,0.261,1.0,0.0
372,m,83,10,,Yes,0.0,1.0,14.0,True,0.5,MCI,0.05,0.124,0.174,0.0,1.0
373,m,53,20,0.0,Yes,0.0,1.0,,True,0.0,NC,-0.901,-0.883,-1.784,1.0,0.0
374,m,89,18,2.0,Yes,0.0,1.0,21.0,False,4.5,Dem,0.742,0.761,1.503,1.0,0.0
375,f,51,10,,Yes,0.0,0.0,11.0,False,,,0.3,0.49,0.79,0.0,0.0
376,f,61,13,0.0,Yes,0.0,0.0,17.0,True,4.5,Dem,-1.779,0.885,-0.894,1.0,0.0
377,m,79,15,0.0,Yes,0.0,0.0,18.0,True,15.5,Dem,0.66,-0.953,-0.293,1.0,1.0
378,m,59,11,0.0,Yes,0.0,0.0,17.0,False,0.5,MCI,-0.525,0.648,0.123,1.0,0.0
379,m,73,16,1.0,Yes,0.0,0.0,17.0,True,0.0,NC,-0.419,1.214,0.795,0.0,0.0
380,f,60,19,0.0,No,0.0,0.0,,True,0.5,MCI,-0.43,-1.223,-1.653,1.0,0.0
381,un,56,11,1.0,No,0.0,0.0,18.0,True,10.5,Dem,-1.775,1.263,-0.512,1.0,0.0
382,f,84,14,2.0,Yes,0.0,1.0,,True,17.5,Dem,0.209,-0.973,-0.764,0.0,0.0
383,f,71,20,0.0,Yes,0.0,0.0,,True,6.5,Dem,-0.781,0.216,-0.565,1.0,0.0
384,un,57,10,0.0,Yes,0.0,1.0,14.0,True,0.0,NC,0.136,0.81,0.946,0.0,0.0
385,m,74,17,0.0,No,0.0,0.0,17.0,False,13.5,Dem,-0.1,0.022,-0.079,0.0,0.0
386,m,56,17,1.0,Yes,0.0,0.0,18.0,True,5.5,Dem,1.007,-1.06,-0.052,1.0,0.0
387,f,68,18,,Yes,0.0,0.0,16.0,True,,,-0.786,-0.39,-1.176,1.0,0.0
388,f,84,20,2.0,Yes,0.0,0.0,16.0,True,4.5,Dem,0.243,1.185,1.428,1.0,0.0
389,m,72,15,1.0,No,0.0,0.0,13.0,True,0.0,NC,-0.671,0.576,-0.095,0.0,0.0
390,u,50,15,2.0,No,0.0,0.0,10.0,True,1.5,MCI,0.673,0.22,0.893,1.0,0.0
391,u,67,16,2.0,Yes,1.0,0.0,14.0,True,,,0.571,1.672,2.244,1.0,0.0
392,f,84,12,2.0,Yes,0.0,1.0,14.0,True,0.0,NC,0.298,1.062,1.36,0.0,0.0
393,m,83,18,0.0,No,0.0,0.0,16.0,True,1.5,MCI,0.444,0.159,0.603,1.0,0.0
394,f,65,11,1.0,Yes,0.0,0.0,12.0,True,12.5,Dem,-1.291,-0.173,-1.464,1.0,1.0
395,m,81,17,1.0,Yes,0.0,1.0,14.0,False,,,1.038,1.703,2.741,1.0,0.0
396,un,56,14,0.0,Yes,0.0,1.0,17.0,True,12.5,Dem,-0.006,0.611,0.604,0.0,0.0
397,f,76,13,1.0,Yes,0.0,0.0,11.0,True,16.5,Dem,-0.817,0.116,-0.701,1.0,1.0
398,m,53,16,0.0,Yes,0.0,0.0,15.0,False,14.5,Dem,0.261,-0.706,-0.444,0.0,0.0
399,u,78,16,0.0,No,1.0,1.0,15.0,True,,,-0.517,-0.08,-0.598,0.0,0.0
400,f,78,14,,Yes,0.0,0.0,12.0,False,2.5,MCI,-0.307,0.524,0.217,0.0,1.0
401,m,86,14,2.0,Yes,0.0,1.0,19.0,True,1.5,MCI,0.99,-0.456,0.534,0.0,0.0
402,f,53,10,0.0,Yes,0.0,0.0,16.0,True,6.5,Dem,-1.193,0.77,-0.423,1.0,0.0
403,f,55,20,1.0,Yes,0.0,1.0,20.0,True,14.5,Dem,-0.355,0.087,-0.269,0.0,0.0
404,f,63,20,0.0,Yes,0.0,1.0,18.0,True,9.5,Dem,1.144,1.094,2.239,0.0,0.0
405,f,63,16,2.0,Yes,0.0,0.0,15.0,False,13.5,Dem,0.093,-0.029,0.063,0.0,0.0
406,f,56,15,1.0,Yes,0.0,1.0,,True,2.5,MCI,-0.318,1.373,1.055,1.0,0.0
407,u,83,17,,Yes,0.0,1.0,15.0,True,0.5,MCI,1.126,-0.097,1.029,1.0,0.0
408,f,73,20,0.0,Yes,0.0,1.0,19.0,True,0.0,NC,-0.584,0.519,-0.065,1.0,0.0
409,f,79,17,,No,0.0,0.0,14.0,True,,,-0.151,0.739,0.588,1.0,0.0
410,m,63,15,0.0,No,0.0,1.0,12.0,True,2.5,MCI,0.518,-0.511,0.007,0.0,0.0
411,u,62,14,1.0,Yes,0.0,0.0,14.0,True,0.0,NC,2.006,0.643,2.649,0.0,0.0
412,m,76,19,0.0,Yes,0.0,1.0,15.0,True,6.5,Dem,3.037,0.463,3.5,0.0,0.0
413,m,54,20,0.0,Yes,0.0,0.0,14.0,True,7.5,Dem,-0.056,-2.052,-2.108,1.0,0.0
414,m,56,17,2.0,Yes,0.0,1.0,14.0,True,14.5,Dem,0.279,3.026,3.305,0.0,0.0
415,m,90,14,0.0,Yes,0.0,0.0,15.0,False,13.5,Dem,-0.898,0.555,-0.344,1.0,0.0
416,f,76,12,1.0,Yes,0.0,0.0,16.0,True,7.5,Dem,-0.697,-0.491,-1.188,1.0,0.0
417,f,70,13,,Yes,0.0,0.0,21.0,True,8.5,Dem,0.306,0.882,1.188,0.0,0.0
418,f,60,14,1.0,Yes,0.0,0.0,15.0,False,,,0.573,1.846,2.419,1.0,0.0
419,m,71,18,1.0,Yes,0.0,0.0,16.0,True,0.0,NC,-1.114,0.067,-1.047,1.0,0.0
420,f,53,10,2.0,Yes,0.0,0.0,14.0,True,0.5,MCI,-0.828,0.712,-0.116,1.0,0.0
421,m,69,13,0.0,Yes,0.0,0.0,16.0,True,12.5,Dem,2.202,0.354,2.556,0.0,0.0
422,m,67,13,0.0,Yes,0.0,0.0,24.0,False,0.0,NC,-1.622,1.639,0.018,0.0,0.0
423,m,70,14,0.0,Yes,0.0,0.0,20.0,True,,,1.131,-0.506,0.625,1.0,0.0
424,f,76,16,1.0,Yes,0.0,0.0,12.0,True,2.5,MCI,-0.065,1.481,1.417,0.0,0.0
425,f,90,18,0.0,Yes,0.0,0.0,17.0,True,0.0,NC,0.451,-0.857,-0.406,1.0,0.0
426,m,51,14,0.0,No,0.0,0.0,17.0,True,10.5,Dem,-0.229,1.294,1.065,1.0,0.0
427,f,78,15,2.0,Yes,0.0,1.0,16.0,True,14.5,Dem,-0.634,0.077,-0.557,1.0,1.0
428,m,72,12,0.0,No,0.0,1.0,14.0,True,7.5,Dem,0.444,1.977,2.421,0.0,0.0
429,f,75,12,0.0,Yes,0.0,0.0,,True,5.5,Dem,1.289,-1.303,-0.014,0.0,1.0
430,m,77,13,1.0,Yes,0.0,1.0,14.0,True,15.5,Dem,1.708,-0.342,1.366,0.0,1.0
431,un,86,16,0.0,Yes,0.0,1.0,16.0,True,3.5,MCI,-0.349,-1.098,-1.447,0.0,0.0
432,un,77,20,0.0,Yes,0.0,0.0,13.0,True,,,1.126,-0.921,0.205,0.0,0.0
433,f,82,20,1.0,Yes,0.0,1.0,15.0,True,15.5,Dem,-1.229,0.321,-0.908,0.0,0.0
434,m,57,18,,Yes,0.0,1.0,14.0,True,6.5,Dem,0.416,0.066,0.482,1.0,0.0
435,f,57,11,2.0,Yes,0.0,0.0,14.0,True,1.5,MCI,0.618,-0.627,-0.01,0.0,0.0
436,m,81,17,,No,0.0,0.0,11.0,True,14.5,Dem,1.484,1.468,2.951,1.0,0.0
437,un,79,10,2.0,Yes,0.0,1.0,12.0,True,5.5,Dem,-0.334,-0.077,-0.412,1.0,1.0
438,m,72,19,1.0,No,0.0,0.0,9.0,True,7.5,Dem,0.112,0.5,0.612,0.0,0.0
439,f,52,19,0.0,Yes,0.0,0.0,13.0,True,17.5,Dem,-0.337,0.709,0.372,0.0,0.0
440,f,63,18,1.0,Yes,1.0,0.0,12.0,True,8.5,Dem,0.979,-1.094,-0.116,0.0,0.0
441,m,70,17,0.0,Yes,0.0,1.0,12.0,True,0.5,MCI,0.909,0.15,1.059,1.0,0.0
442,m,50,19,,Yes,0.0,1.0,16.0,True,1.5,MCI,2.495,2.018,4.513,0.0,0.0
443,m,78,15,2.0,Yes,0.0,0.0,14.0,True,3.5,MCI,0.364,0.632,0.996,0.0,0.0
444,m,72,12,0.0,Yes,1.0,0.0,12.0,True,2.5,MCI,0.46,-1.05,-0.59,1.0,0.0
445,f,90,12,0.0,Yes,0.0,1.0,11.0,True,0.0,NC,0.898,1.084,1.982,0.0,0.0
446,f,88,20,,Yes,0.0,0.0,14.0,True,1.5,MCI,0.279,0.753,1.032,0.0,0.0
447,m,82,19,0.0,Yes,0.0,0.0,18.0,True,9.5,Dem,0.556,1.785,2.341,0.0,0.0
448,m,79,14,1.0,Yes,0.0,0.0,13.0,True,2.5,MCI,-0.271,-0.145,-0.416,1.0,0.0
449,m,72,19,0.0,Yes,0.0,0.0,16.0,True,1.5,MCI,0.698,-0.941,-0.244,0.0,0.0
450,un,84,20,1.0,Yes,0.0,0.0,14.0,True,6.5,Dem,-0.232,-0.795,-1.027,1.0,1.0
451,m,50,13,1.0,Yes,0.0,0.0,13.0,True,0.0,NC,1.144,0.364,1.508,1.0,0.0
452,u,63,14,0.0,Yes,0.0,1.0,13.0,True,11.5,Dem,-0.017,-2.182,-2.199,1.0,0.0
453,m,50,14,1.0,Yes,0.0,0.0,12.0,True,0.0,NC,-1.855,-0.717,-2.572,1.0,0.0
454,f,55,15,0.0,Yes,0.0,0.0,18.0,True,,,0.137,0.634,0.771,1.0,0.0
455,f,61,13,0.0,Yes,0.0,0.0,10.0,False,11.5,Dem,1.278,-0.458,0.82,0.0,0.0
456,m,77,13,2.0,No,0.0,0.0,20.0,True,4.5,Dem,0.016,0.67,0.685,1.0,0.0
457,m,86,16,1.0,Yes,0.0,0.0,11.0,True,0.5,MCI,-0.35,-1.184,-1.534,0.0,0.0
458,f,85,13,,Yes,0.0,0.0,16.0,True,17.5,Dem,-0.686,1.374,0.688,0.0,1.0
459,m,61,11,,Yes,0.0,1.0,14.0,True,,,-0.349,-0.491,-0.84,0.0,0.0
460,f,85,18,1.0,No,0.0,0.0,13.0,True,14.5,Dem,0.056,-1.143,-1.087,0.0,0.0
461,m,72,14,0.0,Yes,0.0,0.0,17.0,True,,,0.322,-0.134,0.188,0.0,1.0
462,u,60,19,2.0,No,0.0,0.0,,True,2.5,MCI,-0.629,-0.772,-1.401,1.0,0.0
463,m,81,11,2.0,Yes,0.0,1.0,14.0,True,10.5,Dem,1.53,0.731,2.261,0.0,0.0
464,f,71,12,2.0,Yes,0.0,1.0,11.0,True,9.5,Dem,-0.842,0.787,-0.055,1.0,0.0
465,m,59,18,0.0,No,0.0,1.0,,True,17.5,Dem,1.213,-0.825,0.388,1.0,0.0
466,un,83,14,0.0,Yes,0.0,0.0,19.0,True,,,-0.665,-1.131,-1.797,0.0,0.0
467,f,70,15,1.0,No,0.0,0.0,11.0,True,0.0,NC,1.284,1.242,2.526,1.0,0.0
468,m,57,10,1.0,Yes,0.0,0.0,16.0,True,11.5,Dem,-1.159,0.047,-1.112,1.0,0.0
469,f,88,16,1.0,No,0.0,0.0,12.0,False,8.5,Dem,-0.865,-0.102,-0.967,1.0,0.0
470,f,73,16,,Yes,0.0,0.0,15.0,True,0.0,NC,-0.92,-0.291,-1.211,0.0,1.0
471,f,84,17,2.0,Yes,0.0,0.0,,True,8.5,Dem,-0.72,0.578,-0.142,1.0,0.0
472,m,83,20,0.0,No,0.0,1.0,14.0,True,0.5,MCI,2.803,1.502,4.306,1.0,1.0
473,f,72,19,2.0,Yes,0.0,0.0,11.0,True,5.5,Dem,-0.364,0.037,-0.326,1.0,0.0
474,f,84,11,0.0,Yes,0.0,0.0,14.0,True,14.5,Dem,0.403,-1.551,-1.148,1.0,0.0
475,f,80,11,0.0,Yes,0.0,0.0,16.0,True,0.0,NC,-1.342,0.084,-1.258,0.0,0.0
476,f,84,12,0.0,Yes,0.0,0.0,12.0,True,7.5,Dem,0.102,-0.829,-0.727,0.0,0.0
477,m,67,16,0.0,Yes,0.0,0.0,19.0,True,17.5,Dem,0.839,0.81,1.649,1.0,0.0
478,f,54,10,0.0,No,0.0,0.0,13.0,True,5.5,Dem,-2.046,-0.235,-2.281,1.0,0.0
479,m,71,19,,Yes,0.0,0.0,12.0,True,8.5,Dem,-0.325,-0.608,-0.934,0.0,0.0
480,m,65,16,2.0,Yes,0.0,0.0,15.0,False,9.5,Dem,-0.678,1.093,0.415,1.0,0.0
481,un,63,16,1.0,Yes,0.0,1.0,12.0,True,6.5,Dem,0.129,0.274,0.403,1.0,0.0
482,m,84,11,2.0,Yes,0.0,0.0,14.0,True,2.5,MCI,0.295,-2.991,-2.697,1.0,0.0
483,f,77,20,0.0,Yes,0.0,0.0,14.0,False,0.0,NC,-1.82,0.45,-1.37,0.0,0.0
484,u,75,19,0.0,Yes,0.0,1.0,21.0,True,,,0.74,0.847,1.587,1.0,0.0
485,f,74,18,0.0,No,0.0,0.0,15.0,True,7.5,Dem,-0.352,-1.012,-1.364,1.0,0.0
486,m,64,16,1.0,Yes,0.0,0.0,17.0,True,0.0,NC,0.123,-0.821,-0.698,1.0,0.0
487,m,63,18,2.0,Yes,0.0,0.0,18.0,True,17.5,Dem,0.324,-2.019,-1.695,1.0,0.0
488,m,59,14,1.0,Yes,0.0,1.0,12.0,True,8.5,Dem,1.466,0.039,1.504,0.0,0.0
489,m,52,10,1.0,Yes,0.0,0.0,,True,10.5,Dem,-1.786,-0.063,-1.849,1.0,0.0
490,f,68,19,0.0,Yes,0.0,0.0,15.0,True,17.5,Dem,0.931,-0.416,0.515,0.0,0.0
491,f,87,20,0.0,No,0.0,0.0,14.0,True,1.5,MCI,0.621,-0.902,-0.282,0.0,0.0
492,f,89,10,,No,0.0,0.0,17.0,True,1.5,MCI,0.578,1.662,2.24,0.0,0.0
493,f,80,12,1.0,No,0.0,1.0,18.0,True,9.5,Dem,-0.015,-0.545,-0.56,0.0,0.0
494,f,85,20,1.0,Yes,0.0,0.0,12.0,True,7.5,Dem,0.281,0.312,0.593,0.0,0.0
495,f,82,15,1.0,No,0.0,0.0,12.0,True,6.5,Dem,2.051,0.198,2.249,0.0,0.0
496,f,83,14,1.0,Yes,0.0,0.0,14.0,True,,,0.252,0.054,0.306,0.0,0.0
497,f,88,18,0.0,Yes,0.0,0.0,18.0,True,1.5,MCI,-0.162,0.954,0.793,0.0,0.0
498,m,86,19,,Yes,0.0,1.0,16.0,True,0.0,NC,-0.296,1.307,1.011,0.0,0.0
499,m,72,11,1.0,No,0.0,0.0,14.0,True,16.5,Dem,-0.72,-0.248,-0.968,1.0,0.0
500,f,86,15,1.0,Yes,0.0,0.0,15.0,True,,,0.648,-1.781,-1.133,1.0,0.0
501,f,69,20,1.0,No,0.0,0.0,10.0,True,5.5,Dem,0.24,-0.956,-0.716,1.0,0.0
502,m,50,12,2.0,Yes,0.0,0.0,19.0,True,3.5,MCI,1.201,0.911,2.112,0.0,0.0
503,un,61,11,0.0,Yes,0.0,0.0,15.0,False,8.5,Dem,-0.276,-0.522,-0.799,1.0,0.0
504,f,63,14,2.0,Yes,0.0,0.0,16.0,True,,,0.759,1.144,1.903,1.0,0.0
505,m,80,19,0.0,Yes,0.0,0.0,20.0,True,4.5,Dem,-0.01,0.048,0.038,1.0,0.0
506,m,53,14,0.0,No,0.0,0.0,17.0,True,9.5,Dem,-2.323,1.325,-0.998,0.0,0.0
507,f,56,10,0.0,Yes,0.0,0.0,14.0,True,6.5,Dem,-1.362,0.364,-0.998,0.0,0.0
508,m,69,19,0.0,Yes,0.0,1.0,16.0,True,,,0.056,0.49,0.545,1.0,0.0
509,un,64,14,1.0,Yes,0.0,1.0,14.0,True,13.5,Dem,0.456,0.471,0.927,0.0,0.0
510,f,57,11,2.0,Yes,0.0,0.0,16.0,False,7.5,Dem,1.248,0.324,1.572,1.0,0.0
511,m,83,15,,No,0.0,0.0,17.0,True,4.5,Dem,-1.589,-1.647,-3.237,1.0,0.0
512,m,86,13,0.0,Yes,0.0,0.0,13.0,False,17.5,Dem,-0.943,-0.789,-1.732,0.0,0.0
513,un,64,13,2.0,Yes,0.0,1.0,12.0,True,5.5,Dem,-1.554,0.317,-1.237,1.0,0.0
514,m,68,12,2.0,Yes,0.0,1.0,13.0,True,16.5,Dem,-0.079,-0.323,-0.401,1.0,0.0
515,m,67,16,2.0,Yes,0.0,0.0,12.0,True,17.5,Dem,-1.939,0.572,-1.367,0.0,0.0
516,f,54,17,1.0,Yes,0.0,1.0,19.0,False,1.5,MCI,-0.256,-0.054,-0.311,1.0,0.0
517,m,77,12,1.0,Yes,0.0,1.0,19.0,True,0.0,NC,-0.093,-0.07,-0.164,0.0,0.0
518,m,57,11,0.0,Yes,0.0,1.0,13.0,True,7.5,Dem,-0.038,-0.327,-0.364,1.0,1.0
519,un,82,10,1.0,Yes,0.0,0.0,15.0,True,0.0,NC,0.403,0.441,0.845,1.0,0.0
520,m,74,19,2.0,Yes,0.0,0.0,18.0,True,2.5,MCI,-0.487,1.017,0.531,1.0,0.0
521,f,70,20,2.0,Yes,0.0,0.0,,True,,,0.441,1.204,1.645,1.0,0.0
522,m,79,17,2.0,No,0.0,0.0,13.0,True,17.5,Dem,1.02,-2.648,-1.629,0.0,1.0
523,f,60,15,0.0,Yes,0.0,1.0,15.0,False,0.0,NC,-0.927,-0.72,-1.647,1.0,0.0
524,m,55,13,2.0,No,0.0,1.0,16.0,True,,,0.91,0.582,1.493,1.0,0.0
525,f,63,11,1.0,Yes,0.0,1.0,15.0,True,0.5,MCI,-1.433,0.356,-1.077,0.0,0.0
526,m,59,13,1.0,Yes,0.0,0.0,15.0,True,13.5,Dem,0.176,-1.07,-0.894,1.0,0.0
527,f,58,10,0.0,Yes,0.0,0.0,16.0,True,4.5,Dem,0.179,-1.319,-1.14,0.0,0.0
528,m,54,17,0.0,No,0.0,0.0,12.0,True,11.5,Dem,0.051,-2.155,-2.104,1.0,0.0
529,f,67,16,2.0,Yes,0.0,0.0,7.0,True,,,-0.491,0.45,-0.04,1.0,0.0
530,f,84,18,1.0,Yes,0.0,1.0,15.0,True,2.5,MCI,0.969,0.193,1.162,0.0,0.0
531,m,82,10,0.0,Yes,0.0,0.0,,True,4.5,Dem,0.61,-1.683,-1.072,1.0,0.0
532,f,50,19,1.0,Yes,0.0,0.0,,True,11.5,Dem,1.056,-0.846,0.21,1.0,0.0
533,m,90,17,2.0,No,0.0,0.0,16.0,True,0.5,MCI,-1.42,-2.035,-3.455,1.0,0.0
534,m,75,19,0.0,No,0.0,1.0,16.0,True,13.5,Dem,-1.414,1.249,-0.164,0.0,0.0
535,m,77,13,2.0,Yes,0.0,0.0,13.0,True,6.5,Dem,0.577,0.298,0.875,1.0,0.0
536,f,88,11,0.0,Yes,0.0,1.0,14.0,True,3.5,MCI,-1.01,1.827,0.818,1.0,0.0
537,f,54,12,,No,0.0,1.0,,False,3.5,MCI,-0.558,-0.148,-0.707,0.0,0.0
538,m,61,10,2.0,Yes,0.0,0.0,,True,11.5,Dem,0.917,1.183,2.1,0.0,0.0
539,f,52,18,,Yes,0.0,0.0,11.0,True,2.5,MCI,-0.07,0.195,0.125,1.0,0.0
540,f,57,15,,Yes,0.0,0.0,9.0,True,0.0,NC,-1.044,-0.205,-1.249,0.0,0.0
541,f,59,14,0.0,Yes,0.0,0.0,16.0,False,5.5,Dem,0.926,0.989,1.915,1.0,0.0
542,m,74,20,0.0,Yes,0.0,0.0,13.0,True,,,-0.05,-1.202,-1.251,0.0,0.0
543,f,61,20,2.0,Yes,0.0,1.0,17.0,True,,,-0.133,1.095,0.962,0.0,1.0
544,f,71,10,0.0,No,0.0,0.0,18.0,True,0.0,NC,1.356,-1.424,-0.067,0.0,0.0
545,m,67,17,,Yes,0.0,1.0,21.0,True,8.5,Dem,1.309,0.922,2.231,1.0,0.0
546,un,88,12,1.0,Yes,0.0,0.0,18.0,True,12.5,Dem,0.403,0.273,0.677,1.0,0.0
547,m,88,18,,Yes,0.0,1.0,15.0,True,2.5,MCI,-1.256,-1.354,-2.61,0.0,0.0
548,f,83,11,0.0,Yes,0.0,0.0,12.0,True,3.5,MCI,-1.487,2.239,0.752,0.0,0.0
549,m,68,10,0.0,Yes,0.0,1.0,16.0,True,0.0,NC,2.148,-0.991,1.157,0.0,0.0
550,m,71,15,0.0,Yes,0.0,0.0,8.0,True,0.0,NC,-0.452,-1.439,-1.891,1.0,0.0
551,m,64,10,0.0,Yes,0.0,0.0,15.0,True,14.5,Dem,0.141,-1.287,-1.146,1.0,0.0
552,un,79,16,,Yes,0.0,1.0,12.0,True,5.5,Dem,0.885,0.581,1.466,0.0,0.0
553,f,61,15,0.0,Yes,0.0,0.0,,False,8.5,Dem,0.696,-0.505,0.191,0.0,0.0
554,f,61,12,,Yes,0.0,0.0,21.0,True,3.5,MCI,0.332,0.812,1.144,0.0,0.0
555,u,58,15,0.0,Yes,0.0,0.0,14.0,False,12.5,Dem,1.364,-1.353,0.01,0.0,0.0
556,f,83,17,1.0,Yes,0.0,0.0,20.0,True,5.5,Dem,0.773,-0.957,-0.184,1.0,0.0
557,f,70,12,1.0,No,0.0,1.0,17.0,True,16.5,Dem,-1.432,-0.01,-1.442,0.0,0.0
558,u,74,19,0.0,Yes,0.0,0.0,16.0,True,16.5,Dem,0.486,-1.363,-0.877,0.0,0.0
559,m,75,11,1.0,Yes,0.0,0.0,15.0,True,8.5,Dem,0.056,0.921,0.977,1.0,0.0
560,un,89,12,0.0,No,0.0,0.0,15.0,True,0.5,MCI,-0.218,-0.052,-0.27,1.0,0.0
561,un,50,12,1.0,Yes,0.0,0.0,,True,4.5,Dem,-1.306,0.566,-0.74,1.0,1.0
562,m,64,13,1.0,Yes,0.0,1.0,15.0,True,16.5,Dem,0.609,0.606,1.216,0.0,0.0
563,f,74,18,1.0,No,0.0,0.0,9.0,True,0.0,NC,1.207,-0.95,0.256,1.0,0.0
564,f,55,17,0.0,Yes,0.0,1.0,10.0,True,15.5,Dem,-0.412,-1.029,-1.441,0.0,0.0
565,f,54,15,,Yes,0.0,0.0,15.0,True,1.5,MCI,-2.68,1.085,-1.594,0.0,0.0
566,m,62,19,0.0,Yes,0.0,0.0,14.0,True,11.5,Dem,1.26,0.515,1.776,0.0,0.0
567,m,54,18,0.0,Yes,0.0,0.0,22.0,True,10.5,Dem,0.186,-0.759,-0.572,0.0,0.0
568,m,81,11,1.0,No,0.0,0.0,11.0,True,17.5,Dem,1.342,0.467,1.81,1.0,0.0
569,f,75,19,0.0,No,1.0,1.0,13.0,True,14.5,Dem,-0.109,0.48,0.371,1.0,0.0
570,m,64,19,0.0,Yes,0.0,0.0,15.0,True,,,-0.553,-1.279,-1.832,1.0,0.0
571,m,74,13,2.0,Yes,0.0,0.0,12.0,True,,,0.442,-0.747,-0.305,1.0,0.0
572,m,78,11,0.0,Yes,0.0,0.0,13.0,True,7.5,Dem,-1.852,2.222,0.37,1.0,0.0
573,un,90,20,0.0,Yes,0.0,0.0,17.0,True,14.5,Dem,-0.309,0.331,0.022,0.0,0.0
574,u,69,18,0.0,No,0.0,0.0,12.0,True,0.0,NC,1.18,0.255,1.435,0.0,0.0
575,m,88,12,2.0,Yes,0.0,1.0,17.0,True,1.5,MCI,1.505,0.342,1.846,1.0,0.0
576,f,60,13,0.0,No,0.0,0.0,17.0,True,8.5,Dem,0.927,-0.841,0.086,1.0,0.0
577,m,73,18,0.0,No,1.0,0.0,15.0,True,17.5,Dem,-0.359,0.205,-0.153,1.0,0.0
578,m,82,18,,Yes,0.0,0.0,17.0,False,14.5,Dem,-0.827,0.117,-0.709,0.0,0.0
579,m,90,13,0.0,Yes,0.0,0.0,15.0,True,8.5,Dem,-0.309,1.675,1.367,0.0,0.0
580,m,68,16,2.0,Yes,0.0,0.0,11.0,True,1.5,MCI,-0.934,-0.981,-1.915,0.0,0.0
581,m,73,16,1.0,Yes,0.0,0.0,16.0,True,4.5,Dem,-0.612,-0.052,-0.665,1.0,0.0
582,m,90,15,1.0,Yes,0.0,0.0,17.0,True,1.5,MCI,-0.134,-0.185,-0.319,0.0,0.0
583,f,76,16,0.0,Yes,0.0,0.0,11.0,True,0.0,NC,-0.704,-0.694,-1.398,0.0,0.0
584,m,76,17,1.0,Yes,0.0,0.0,17.0,True,,,-1.232,-0.476,-1.708,1.0,0.0
585,un,81,10,2.0,Yes,0.0,0.0,14.0,False,14.5,Dem,-0.711,-1.613,-2.324,1.0,0.0
586,m,78,19,2.0,No,0.0,0.0,12.0,True,7.5,Dem,-1.349,-0.407,-1.756,1.0,0.0
587,f,67,19,0.0,Yes,0.0,0.0,,False,11.5,Dem,1.115,-0.395,0.719,1.0,0.0
588,f,72,16,0.0,Yes,0.0,1.0,19.0,True,11.5,Dem,-1.417,1.685,0.268,1.0,0.0
589,m,76,11,,Yes,1.0,1.0,15.0,True,,,0.207,-0.948,-0.74,1.0,0.0
590,f,56,11,0.0,Yes,0.0,0.0,13.0,True,3.5,MCI,-1.726,-0.557,-2.282,0.0,0.0
591,un,59,15,0.0,No,0.0,0.0,6.0,True,0.0,NC,-0.338,1.497,1.159,1.0,0.0
592,f,55,20,2.0,Yes,0.0,0.0,18.0,True,0.0,NC,-0.518,0.558,0.04,1.0,0.0
593,un,71,14,1.0,Yes,0.0,0.0,16.0,True,12.5,Dem,0.207,-2.648,-2.441,1.0,0.0
594,f,52,18,0.0,Yes,0.0,0.0,14.0,True,0.0,NC,1.393,0.652,2.045,0.0,0.0
595,f,58,17,0.0,Yes,0.0,1.0,16.0,False,0.0,NC,1.694,-0.732,0.962,1.0,0.0
596,f,61,13,2.0,Yes,1.0,1.0,15.0,True,,,-0.879,0.532,-0.347,1.0,0.0
597,f,57,14,0.0,Yes,0.0,0.0,15.0,True,9.5,Dem,0.04,-1.146,-1.106,0.0,0.0
598,m,58,12,2.0,Yes,0.0,0.0,17.0,True,0.0,NC,1.265,-0.055,1.21,0.0,1.0
599,m,56,20,0.0,Yes,0.0,0.0,,True,12.5,Dem,0.135,-0.064,0.071,0.0,1.0
600,f,81,10,1.0,Yes,0.0,0.0,16.0,True,1.5,MCI,0.765,-0.437,0.328,0.0,1.0
601,m,54,19,0.0,No,0.0,1.0,,True,1.5,MCI,-0.023,1.617,1.594,1.0,0.0
602,m,56,14,2.0,Yes,0.0,1.0,19.0,False,4.5,Dem,-0.485,1.483,0.998,0.0,0.0
603,f,62,18,1.0,No,1.0,0.0,21.0,True,0.0,NC,-0.304,0.251,-0.054,1.0,0.0
604,m,74,15,2.0,No,0.0,0.0,14.0,True,1.5,MCI,-0.137,-1.559,-1.696,1.0,0.0
605,m,67,20,0.0,Yes,0.0,0.0,12.0,True,0.0,NC,0.117,-0.095,0.022,0.0,0.0
606,m,60,11,2.0,Yes,1.0,0.0,15.0,True,4.5,Dem,0.802,1.161,1.963,1.0,1.0
607,f,74,16,1.0,Yes,0.0,0.0,16.0,True,3.5,MCI,-0.47,-0.076,-0.546,1.0,0.0
608,m,65,17,0.0,Yes,0.0,0.0,18.0,True,12.5,Dem,0.272,0.686,0.959,0.0,0.0
609,m,84,13,2.0,Yes,0.0,1.0,11.0,True,17.5,Dem,0.284,0.313,0.597,0.0,0.0
610,u,50,16,1.0,Yes,0.0,0.0,14.0,False,0.0,NC,-0.246,-0.232,-0.479,0.0,0.0
611,f,71,13,2.0,Yes,0.0,0.0,16.0,True,3.5,MCI,0.658,0.202,0.86,0.0,0.0
612,m,74,14,1.0,Yes,0.0,1.0,,True,1.5,MCI,0.467,-2.176,-1.709,0.0,0.0
613,m,90,17,1.0,Yes,0.0,0.0,19.0,True,8.5,Dem,0.75,0.69,1.44,1.0,0.0
614,m,85,20,0.0,Yes,0.0,0.0,12.0,True,0.0,NC,-0.845,1.308,0.463,1.0,0.0
615,m,74,15,0.0,Yes,0.0,0.0,17.0,True,,,0.653,-0.663,-0.01,1.0,1.0
616,m,79,16,2.0,Yes,0.0,1.0,,True,9.5,Dem,-0.536,-0.186,-0.721,1.0,1.0
617,m,80,12,0.0,Yes,0.0,0.0,15.0,True,0.0,NC,-0.509,0.523,0.015,1.0,0.0
618,f,56,10,0.0,Yes,0.0,0.0,15.0,True,,,1.235,1.124,2.359,1.0,0.0
619,f,52,16,1.0,Yes,0.0,0.0,,True,1.5,MCI,-0.342,0.593,0.252,0.0,0.0
620,m,56,16,0.0,Yes,0.0,0.0,17.0,True,9.5,Dem,-0.78,1.531,0.751,1.0,0.0
621,m,69,12,0.0,Yes,0.0,0.0,20.0,True,1.5,MCI,1.409,0.895,2.304,1.0,0.0
622,m,85,10,1.0,Yes,0.0,0.0,16.0,False,15.5,Dem,1.4,1.3,2.699,0.0,0.0
623,f,58,12,1.0,Yes,0.0,1.0,,False,11.5,Dem,0.596,0.681,1.277,1.0,0.0
624,m,53,18,0.0,Yes,0.0,1.0,16.0,True,12.5,Dem,1.334,0.874,2.207,1.0,0.0
625,f,65,10,1.0,Yes,1.0,0.0,,True,0.0,NC,0.665,1.313,1.977,1.0,0.0
626,f,80,11,0.0,Yes,0.0,0.0,18.0,True,11.5,Dem,0.861,-0.128,0.732,1.0,0.0
627,f,77,18,0.0,No,0.0,1.0,14.0,True,10.5,Dem,-0.522,-1.484,-2.006,0.0,0.0
628,m,88,20,0.0,No,0.0,0.0,,True,9.5,Dem,1.112,0.402,1.513,0.0,0.0
629,m,57,15,0.0,Yes,0.0,1.0,18.0,True,16.5,Dem,-0.787,-0.576,-1.363,1.0,0.0
630,m,54,11,0.0,Yes,0.0,0.0,16.0,True,15.5,Dem,-2.02,1.579,-0.442,0.0,0.0
631,f,70,18,1.0,Yes,0.0,0.0,14.0,True,0.0,NC,-0.555,-1.488,-2.044,0.0,0.0
632,f,77,17,0.0,No,0.0,1.0,12.0,True,0.5,MCI,-0.097,-0.066,-0.163,1.0,0.0
633,m,63,11,1.0,Yes,0.0,0.0,16.0,True,10.5,Dem,0.653,0.589,1.242,1.0,0.0
634,m,80,10,,Yes,0.0,0.0,16.0,True,2.5,MCI,0.152,0.278,0.43,0.0,0.0
635,m,88,13,2.0,Yes,0.0,0.0,16.0,True,3.5,MCI,-0.757,0.461,-0.295,0.0,0.0
636,f,62,19,2.0,No,0.0,0.0,14.0,True,6.5,Dem,-0.864,0.036,-0.829,0.0,0.0
637,m,64,11,1.0,Yes,0.0,1.0,10.0,True,14.5,Dem,0.289,-0.179,0.11,0.0,0.0
638,f,87,10,2.0,Yes,0.0,0.0,,False,2.5,MCI,0.667,-0.771,-0.104,0.0,0.0
639,f,51,19,,Yes,0.0,1.0,,True,4.5,Dem,-0.381,0.282,-0.099,0.0,0.0
640,f,63,19,1.0,Yes,0.0,0.0,17.0,True,5.5,Dem,-0.411,0.917,0.505,1.0,0.0
641,m,66,20,1.0,Yes,0.0,0.0,17.0,True,6.5,Dem,-0.508,-0.881,-1.388,0.0,0.0
642,m,76,16,0.0,Yes,0.0,0.0,15.0,True,3.5,MCI,-0.136,-0.254,-0.391,0.0,0.0
643,f,69,10,0.0,Yes,0.0,0.0,15.0,True,0.0,NC,-0.603,-2.033,-2.636,0.0,0.0
644,m,64,20,0.0,Yes,0.0,0.0,16.0,True,3.5,MCI,-0.691,0.893,0.201,1.0,0.0
645,m,60,11,0.0,Yes,0.0,0.0,14.0,True,4.5,Dem,-0.122,0.31,0.188,0.0,0.0
646,f,70,19,0.0,No,0.0,0.0,11.0,True,0.0,NC,-0.193,-0.511,-0.704,1.0,0.0
647,f,79,15,1.0,Yes,0.0,0.0,17.0,True,11.5,Dem,0.248,0.141,0.389,1.0,0.0
648,f,55,12,1.0,No,0.0,1.0,12.0,True,10.5,Dem,0.402,1.001,1.403,1.0,0.0
649,m,77,20,0.0,Yes,0.0,0.0,12.0,True,0.0,NC,3.944,-0.473,3.471,0.0,0.0
650,f,59,15,2.0,No,0.0,0.0,18.0,True,1.5,MCI,1.733,-0.283,1.45,1.0,0.0
651,f,84,17,1.0,Yes,0.0,1.0,16.0,True,13.5,Dem,1.542,0.12,1.661,1.0,0.0
652,f,60,11,0.0,Yes,0.0,0.0,14.0,True,3.5,MCI,0.357,1.184,1.542,1.0,0.0
653,f,69,20,0.0,Yes,0.0,0.0,11.0,True,1.5,MCI,-0.923,-1.019,-1.942,1.0,0.0
654,m,63,14,1.0,Yes,0.0,1.0,16.0,True,0.5,MCI,0.447,0.799,1.245,1.0,0.0
655,f,80,13,2.0,No,0.0,0.0,13.0,True,16.5,Dem,1.791,-1.107,0.684,0.0,0.0
656,f,54,13,2.0,Yes,0.0,0.0,18.0,True,0.0,NC,-0.445,0.143,-0.303,1.0,0.0
657,u,87,10,1.0,No,0.0,0.0,15.0,True,3.5,MCI,1.373,-2.317,-0.944,1.0,0.0
658,m,81,15,0.0,No,0.0,0.0,13.0,True,16.5,Dem,-1.984,-0.146,-2.13,1.0,0.0
659,m,75,20,1.0,Yes,0.0,0.0,18.0,True,0.5,MCI,1.739,-0.67,1.069,0.0,0.0
660,m,70,14,,No,0.0,0.0,13.0,True,10.5,Dem,0.226,1.988,2.214,0.0,0.0
661,f,58,17,0.0,Yes,0.0,0.0,14.0,True,15.5,Dem,0.132,0.024,0.156,1.0,0.0
662,u,57,11,,No,0.0,0.0,11.0,True,12.5,Dem,-1.706,-0.011,-1.717,1.0,1.0
663,m,50,14,0.0,Yes,0.0,0.0,12.0,True,0.0,NC,-0.025,1.458,1.433,0.0,0.0
664,f,51,11,2.0,Yes,0.0,0.0,20.0,True,10.5,Dem,0.362,1.364,1.727,1.0,0.0
665,m,62,11,2.0,No,0.0,0.0,12.0,True,14.5,Dem,0.269,0.396,0.665,1.0,0.0
666,m,90,15,0.0,Yes,0.0,0.0,13.0,True,,,0.725,0.38,1.105,0.0,0.0
667,m,73,10,1.0,Yes,0.0,0.0,17.0,True,12.5,Dem,0.373,-0.471,-0.098,1.0,0.0
668,f,72,10,2.0,Yes,0.0,0.0,12.0,True,0.0,NC,0.005,-0.095,-0.09,0.0,0.0
669,m,57,15,2.0,Yes,0.0,0.0,,True,3.5,MCI,0.595,-1.485,-0.89,0.0,0.0
670,m,79,17,2.0,Yes,0.0,0.0,18.0,True,0.0,NC,-1.399,-0.595,-1.994,1.0,0.0
671,f,59,14,2.0,Yes,0.0,0.0,16.0,True,0.0,NC,-0.405,0.267,-0.139,1.0,0.0
672,f,62,15,,Yes,0.0,0.0,16.0,True,4.5,Dem,0.098,-0.331,-0.233,1.0,0.0
673,m,50,16,,Yes,0.0,0.0,18.0,True,10.5,Dem,1.328,-1.626,-0.298,0.0,0.0
674,m,68,20,1.0,Yes,0.0,0.0,,True,8.5,Dem,-0.085,0.484,0.4,1.0,0.0
675,f,59,19,,No,0.0,1.0,16.0,True,10.5,Dem,-0.323,-1.408,-1.732,1.0,0.0
676,m,89,20,0.0,Yes,0.0,0.0,14.0,True,,,0.368,-0.947,-0.579,1.0,0.0
677,f,65,15,0.0,No,1.0,1.0,14.0,True,8.5,Dem,-1.061,-0.215,-1.276,1.0,0.0
678,u,66,11,0.0,No,0.0,0.0,15.0,True,11.5,Dem,-1.544,-0.274,-1.817,1.0,0.0
679,m,73,16,1.0,No,0.0,1.0,17.0,True,0.0,NC,0.152,2.172,2.324,1.0,0.0
680,f,77,14,1.0,Yes,0.0,0.0,,True,12.5,Dem,-0.574,-1.966,-2.54,0.0,0.0
681,m,53,11,1.0,Yes,0.0,0.0,9.0,True,10.5,Dem,0.99,0.537,1.527,1.0,0.0
682,m,59,16,2.0,No,0.0,0.0,14.0,True,16.5,Dem,-0.248,-2.388,-2.637,0.0,0.0
683,f,58,14,0.0,No,0.0,0.0,16.0,True,0.0,NC,-0.575,0.775,0.2,1.0,0.0
684,m,62,17,0.0,No,0.0,0.0,14.0,True,13.5,Dem,-0.036,0.532,0.496,0.0,0.0
685,m,57,12,1.0,Yes,1.0,0.0,11.0,True,5.5,Dem,0.21,0.687,0.897,0.0,0.0
686,un,57,18,0.0,Yes,0.0,1.0,,True,16.5,Dem,-0.394,1.479,1.086,1.0,0.0
687,m,63,15,0.0,No,0.0,0.0,15.0,True,1.5,MCI,-0.674,0.339,-0.335,0.0,0.0
688,un,65,10,0.0,No,0.0,1.0,16.0,True,15.5,Dem,1.185,0.559,1.744,0.0,0.0
689,u,65,20,,No,0.0,0.0,13.0,True,14.5,Dem,-2.407,-1.156,-3.564,0.0,0.0
690,m,65,17,1.0,Yes,0.0,1.0,,True,1.5,MCI,-1.203,-0.493,-1.696,0.0,0.0
691,m,85,10,2.0,Yes,0.0,0.0,12.0,True,16.5,Dem,-0.674,0.715,0.041,1.0,0.0
692,m,79,14,2.0,Yes,0.0,1.0,17.0,True,12.5,Dem,-0.077,-0.392,-0.469,0.0,0.0
693,f,70,10,2.0,Yes,0.0,0.0,17.0,True,15.5,Dem,-0.447,1.293,0.846,1.0,1.0
694,un,80,19,0.0,Yes,0.0,1.0,11.0,True,16.5,Dem,-0.538,0.299,-0.239,1.0,0.0
695,f,53,13,,Yes,0.0,0.0,17.0,True,14.5,Dem,-0.252,0.103,-0.148,1.0,0.0
696,f,59,10,0.0,No,0.0,1.0,16.0,False,,,1.322,1.943,3.266,1.0,0.0
697,f,54,16,0.0,Yes,0.0,1.0,14.0,True,4.5,Dem,2.091,1.393,3.483,0.0,0.0
698,f,61,10,0.0,Yes,0.0,0.0,14.0,True,1.5,MCI,0.663,-0.067,0.596,1.0,0.0
699,m,85,16,0.0,Yes,0.0,1.0,18.0,True,11.5,Dem,0.108,0.171,0.279,1.0,0.0
700,f,77,18,,Yes,0.0,0.0,14.0,True,0.0,NC,-0.62,0.682,0.062,0.0,0.0
701,f,77,11,0.0,No,0.0,0.0,13.0,True,1.5,MCI,-2.765,1.767,-0.998,1.0,0.0
702,u,62,12,1.0,Yes,0.0,0.0,,True,2.5,MCI,0.942,-0.116,0.826,0.0,0.0
703,f,51,15,0.0,Yes,0.0,0.0,19.0,True,5.5,Dem,-1.034,0.258,-0.776,1.0,0.0
704,m,87,12,2.0,Yes,0.0,0.0,9.0,False,0.0,NC,-0.3,-0.147,-0.447,0.0,0.0
705,u,60,16,2.0,Yes,1.0,0.0,,True,3.5,MCI,1.65,0.099,1.749,1.0,0.0
706,m,50,16,0.0,Yes,0.0,0.0,,True,7.5,Dem,0.119,-0.098,0.021,0.0,0.0
707,m,80,15,0.0,Yes,0.0,0.0,17.0,True,,,-0.269,1.919,1.65,1.0,1.0
708,m,79,16,2.0,Yes,0.0,0.0,13.0,True,16.5,Dem,-1.186,-0.148,-1.334,0.0,0.0
709,f,78,15,,Yes,0.0,0.0,15.0,True,0.0,NC,-0.879,-1.318,-2.197,1.0,0.0
710,m,73,14,1.0,No,0.0,0.0,17.0,True,1.5,MCI,0.113,2.024,2.137,1.0,0.0
711,m,70,12,1.0,Yes,0.0,0.0,13.0,True,11.5,Dem,-0.261,0.557,0.297,0.0,0.0
712,f,61,13,,Yes,0.0,0.0,13.0,True,2.5,MCI,-2.406,-0.095,-2.501,0.0,0.0
713,f,72,13,1.0,Yes,0.0,0.0,14.0,True,4.5,Dem,0.858,-0.175,0.684,0.0,0.0
714,f,89,18,1.0,Yes,0.0,0.0,14.0,True,0.0,NC,0.462,1.46,1.922,0.0,0.0
715,f,89,20,2.0,Yes,0.0,0.0,16.0,True,4.5,Dem,1.046,1.514,2.56,0.0,0.0
716,m,79,16,1.0,Yes,0.0,0.0,13.0,True,5.5,Dem,-1.051,0.48,-0.571,1.0,0.0
717,m,69,12,0.0,Yes,0.0,0.0,15.0,True,0.0,NC,0.509,0.19,0.699,1.0,0.0
718,u,51,12,1.0,Yes,0.0,0.0,16.0,True,3.5,MCI,1.443,0.704,2.147,0.0,0.0
719,m,72,17,0.0,No,0.0,1.0,19.0,True,13.5,Dem,-0.33,1.351,1.022,1.0,0.0
720,un,72,20,1.0,No,0.0,1.0,18.0,True,11.5,Dem,-1.885,-0.574,-2.458,1.0,0.0
721,m,56,16,0.0,Yes,0.0,1.0,17.0,False,15.5,Dem,0.368,-1.12,-0.752,1.0,0.0
722,f,74,10,1.0,Yes,0.0,0.0,18.0,True,0.0,NC,0.428,0.178,0.607,1.0,0.0
723,m,52,11,0.0,Yes,0.0,0.0,17.0,True,0.0,NC,-0.898,-1.104,-2.001,1.0,0.0
724,un,88,17,,Yes,0.0,0.0,13.0,True,2.5,MCI,-1.093,-0.354,-1.448,0.0,0.0
725,f,65,18,2.0,Yes,0.0,1.0,14.0,True,11.5,Dem,-0.613,1.55,0.937,1.0,0.0
726,f,60,19,0.0,No,0.0,0.0,16.0,True,,,-0.841,0.612,-0.229,0.0,0.0
727,m,64,14,1.0,Yes,0.0,0.0,11.0,True,3.5,MCI,-1.674,-0.801,-2.475,0.0,0.0
728,m,78,15,1.0,Yes,0.0,0.0,,False,0.0,NC,0.935,0.94,1.875,0.0,0.0
729,un,50,13,1.0,Yes,0.0,1.0,15.0,True,4.5,Dem,-2.115,1.262,-0.854,0.0,0.0
730,f,67,15,0.0,Yes,0.0,0.0,19.0,True,4.5,Dem,-0.672,-0.853,-1.526,0.0,0.0
731,m,81,13,0.0,Yes,0.0,0.0,,True,0.0,NC,1.773,1.461,3.234,1.0,0.0
732,m,54,18,1.0,No,0.0,0.0,15.0,True,5.5,Dem,0.487,0.996,1.483,0.0,0.0
733,f,57,20,1.0,Yes,0.0,0.0,17.0,True,13.5,Dem,1.139,0.814,1.952,0.0,0.0
734,f,69,12,0.0,Yes,1.0,0.0,15.0,False,0.0,NC,0.363,-1.591,-1.228,0.0,0.0
735,f,59,12,0.0,Yes,0.0,1.0,18.0,True,3.5,MCI,1.068,0.203,1.272,1.0,0.0
736,f,67,10,0.0,Yes,0.0,1.0,19.0,False,11.5,Dem,-0.469,2.074,1.605,1.0,0.0
737,m,66,19,1.0,No,0.0,0.0,14.0,True,2.5,MCI,0.057,1.127,1.184,1.0,1.0
738,m,78,14,2.0,No,0.0,0.0,13.0,True,,,-0.908,0.378,-0.53,1.0,0.0
739,f,50,19,0.0,Yes,0.0,0.0,11.0,True,7.5,Dem,0.265,0.981,1.246,1.0,0.0
740,f,63,17,0.0,Yes,1.0,0.0,16.0,True,0.0,NC,-0.541,0.6,0.059,0.0,0.0
741,f,90,12,0.0,No,0.0,0.0,17.0,True,1.5,MCI,0.661,-1.563,-0.902,0.0,0.0
742,f,68,15,,No,0.0,1.0,22.0,True,,,0.556,-2.098,-1.542,1.0,0.0
743,m,75,17,,Yes,0.0,0.0,15.0,False,17.5,Dem,-0.445,-0.46,-0.905,0.0,0.0
744,f,51,17,0.0,Yes,0.0,0.0,19.0,True,14.5,Dem,0.321,-0.906,-0.585,0.0,0.0
745,f,52,13,,Yes,0.0,0.0,15.0,True,10.5,Dem,-1.043,-0.706,-1.749,1.0,0.0
746,m,65,16,,Yes,0.0,1.0,17.0,True,5.5,Dem,-1.56,-0.268,-1.828,1.0,0.0
747,f,74,18,1.0,Yes,0.0,1.0,12.0,True,14.5,Dem,-2.692,-1.001,-3.693,1.0,0.0
748,f,69,14,2.0,Yes,0.0,0.0,14.0,True,7.5,Dem,-1.152,-0.171,-1.324,0.0,0.0
749,m,90,11,0.0,Yes,0.0,0.0,10.0,True,0.5,MCI,0.068,-0.053,0.014,1.0,0.0
750,f,51,18,0.0,No,0.0,1.0,11.0,True,9.5,Dem,2.06,-0.392,1.668,1.0,0.0
751,f,80,12,0.0,Yes,0.0,0.0,11.0,True,12.5,Dem,0.179,-0.452,-0.273,1.0,0.0
752,m,55,19,0.0,No,0.0,1.0,15.0,True,5.5,Dem,1.341,0.257,1.598,1.0,0.0
753,f,55,18,0.0,Yes,0.0,0.0,13.0,True,6.5,Dem,-0.501,-0.397,-0.898,0.0,0.0
754,f,77,16,0.0,Yes,0.0,0.0,21.0,False,3.5,MCI,-0.328,-0.244,-0.572,1.0,0.0
755,f,62,18,0.0,Yes,0.0,0.0,18.0,True,13.5,Dem,0.897,-0.462,0.435,0.0,0.0
756,f,71,14,2.0,Yes,0.0,0.0,16.0,True,8.5,Dem,-0.448,-1.383,-1.831,0.0,0.0
757,m,71,11,2.0,Yes,0.0,1.0,13.0,False,8.5,Dem,0.234,1.791,2.025,0.0,0.0
758,u,69,18,0.0,Yes,0.0,0.0,15.0,True,6.5,Dem,0.143,-0.376,-0.233,0.0,0.0
759,f,68,14,0.0,No,0.0,0.0,18.0,True,8.5,Dem,0.808,-0.2,0.607,0.0,0.0
760,m,52,12,2.0,Yes,0.0,0.0,,True,16.5,Dem,0.848,-1.164,-0.316,1.0,0.0
761,un,61,10,1.0,Yes,0.0,0.0,15.0,True,6.5,Dem,-0.192,0.226,0.034,1.0,0.0
762,m,89,20,0.0,Yes,0.0,0.0,16.0,True,1.5,MCI,-0.25,0.097,-0.152,0.0,0.0
763,f,69,20,0.0,Yes,0.0,0.0,20.0,False,0.0,NC,-1.463,-0.628,-2.091,0.0,0.0
764,f,72,16,1.0,Yes,0.0,1.0,10.0,True,1.5,MCI,0.026,-0.118,-0.092,0.0,0.0
765,f,64,20,0.0,Yes,0.0,0.0,13.0,True,,,-1.023,-0.031,-1.054,0.0,0.0
766,f,61,19,1.0,Yes,0.0,1.0,14.0,True,,,0.684,-0.323,0.362,0.0,0.0
767,m,59,12,0.0,Yes,0.0,0.0,10.0,True,5.5,Dem,1.102,-0.548,0.554,1.0,1.0
768,un,85,15,1.0,No,0.0,0.0,18.0,True,7.5,Dem,-0.043,-0.713,-0.756,0.0,0.0
769,m,86,14,0.0,Yes,0.0,0.0,12.0,True,11.5,Dem,-0.206,-1.195,-1.401,1.0,0.0
770,f,59,12,0.0,Yes,0.0,0.0,13.0,True,11.5,Dem,0.096,-0.97,-0.875,0.0,0.0
771,m,71,13,1.0,Yes,0.0,0.0,9.0,False,4.5,Dem,-0.638,-1.812,-2.451,0.0,0.0
772,f,64,10,0.0,Yes,0.0,0.0,16.0,True,0.5,MCI,-0.963,-0.128,-1.091,0.0,0.0
773,f,60,15,0.0,Yes,0.0,1.0,18.0,True,,,-0.905,-0.95,-1.855,0.0,0.0
774,f,62,18,1.0,Yes,0.0,0.0,14.0,True,2.5,MCI,-1.816,0.349,-1.467,1.0,0.0
775,f,70,15,0.0,Yes,0.0,0.0,13.0,True,0.5,MCI,-0.69,-1.638,-2.329,0.0,0.0
776,u,58,14,1.0,Yes,0.0,1.0,14.0,True,,,-1.298,-0.244,-1.542,0.0,0.0
777,f,89,14,1.0,Yes,0.0,0.0,18.0,True,17.5,Dem,-0.547,0.631,0.085,1.0,0.0
778,f,75,12,2.0,No,0.0,0.0,15.0,True,5.5,Dem,-1.531,1.304,-0.227,1.0,0.0
779,f,73,14,0.0,Yes,0.0,0.0,10.0,False,,,-0.269,0.578,0.309,0.0,0.0
780,f,56,13,1.0,Yes,0.0,0.0,17.0,True,13.5,Dem,-1.156,2.07,0.913,1.0,0.0
781,m,67,15,1.0,Yes,0.0,1.0,12.0,True,9.5,Dem,-0.555,-0.61,-1.166,0.0,0.0
782,f,69,15,1.0,No,0.0,0.0,7.0,False,,,-0.542,0.353,-0.188,0.0,0.0
783,m,61,17,1.0,No,0.0,1.0,15.0,True,15.5,Dem,1.518,-0.267,1.251,1.0,0.0
784,f,87,20,2.0,Yes,0.0,0.0,17.0,True,0.0,NC,-0.847,-1.01,-1.857,0.0,0.0
785,f,80,15,0.0,No,0.0,1.0,16.0,True,12.5,Dem,0.919,-0.297,0.622,0.0,0.0
786,f,76,16,0.0,Yes,0.0,1.0,,True,6.5,Dem,-0.201,-1.796,-1.998,1.0,0.0
787,f,85,10,1.0,No,0.0,0.0,16.0,True,14.5,Dem,0.889,-1.07,-0.181,1.0,0.0
788,m,70,18,1.0,Yes,0.0,0.0,16.0,True,5.5,Dem,0.389,-0.043,0.346,1.0,1.0
789,m,88,11,0.0,No,0.0,0.0,11.0,True,2.5,MCI,1.648,1.598,3.245,0.0,0.0
790,m,69,20,1.0,Yes,0.0,0.0,10.0,True,8.5,Dem,0.573,-0.68,-0.106,1.0,0.0
791,m,77,14,0.0,Yes,0.0,1.0,11.0,True,,,-0.067,0.346,0.278,0.0,1.0
792,m,83,14,0.0,Yes,0.0,0.0,15.0,True,10.5,Dem,-1.617,1.672,0.054,1.0,0.0
793,f,74,17,0.0,Yes,0.0,0.0,10.0,True,7.5,Dem,-0.107,-0.81,-0.917,0.0,0.0
794,m,67,12,1.0,No,0.0,1.0,16.0,True,12.5,Dem,0.699,-0.966,-0.268,0.0,0.0
795,f,79,14,0.0,No,0.0,0.0,19.0,True,0.0,NC,-0.542,1.088,0.547,1.0,0.0
796,f,81,19,1.0,No,0.0,1.0,18.0,True,16.5,Dem,-0.981,0.156,-0.824,0.0,0.0
797,f,59,18,1.0,No,0.0,0.0,16.0,True,4.5,Dem,0.304,-0.206,0.098,1.0,0.0
798,m,65,12,0.0,Yes,0.0,0.0,12.0,True,15.5,Dem,-0.009,-0.589,-0.599,0.0,0.0
799,m,88,12,2.0,Yes,1.0,0.0,12.0,True,8.5,Dem,-1.153,-0.517,-1.671,1.0,0.0
800,f,53,11,2.0,Yes,0.0,1.0,8.0,True,13.5,Dem,-1.886,-0.004,-1.891,0.0,0.0
801,f,86,16,0.0,No,0.0,0.0,10.0,True,15.5,Dem,-0.401,1.179,0.778,0.0,0.0
802,f,81,11,0.0,No,0.0,0.0,16.0,True,11.5,Dem,0.168,-0.345,-0.177,0.0,0.0
803,m,86,14,0.0,Yes,0.0,1.0,13.0,True,0.0,NC,0.303,0.088,0.391,0.0,0.0
804,m,69,19,1.0,Yes,0.0,0.0,15.0,True,6.5,Dem,0.482,-2.729,-2.246,1.0,0.0
805,m,69,15,2.0,Yes,0.0,1.0,11.0,True,0.0,NC,0.909,-0.241,0.668,1.0,0.0
806,m,50,10,2.0,Yes,0.0,1.0,19.0,True,3.5,MCI,-0.276,-0.607,-0.883,1.0,0.0
807,f,86,10,1.0,Yes,0.0,0.0,17.0,True,5.5,Dem,1.099,0.611,1.71,1.0,0.0
808,m,52,15,2.0,Yes,0.0,0.0,11.0,True,0.0,NC,0.937,-0.64,0.297,0.0,0.0
809,m,60,11,0.0,Yes,0.0,1.0,14.0,True,14.5,Dem,1.366,-0.482,0.884,1.0,0.0
810,m,78,15,2.0,Yes,0.0,1.0,19.0,True,16.5,Dem,1.113,0.494,1.607,1.0,0.0
811,u,75,16,,Yes,0.0,1.0,13.0,False,13.5,Dem,0.963,-0.227,0.737,1.0,0.0
812,f,60,17,0.0,No,0.0,0.0,16.0,True,10.5,Dem,0.287,1.645,1.932,1.0,0.0
813,un,86,18,1.0,Yes,0.0,0.0,13.0,True,1.5,MCI,-0.608,-0.354,-0.962,0.0,0.0
814,f,85,16,2.0,Yes,0.0,0.0,15.0,True,6.5,Dem,0.502,1.503,2.006,0.0,0.0
815,u,65,13,0.0,Yes,0.0,0.0,13.0,True,0.5,MCI,-0.901,-0.714,-1.614,0.0,0.0
816,m,58,13,1.0,No,0.0,1.0,13.0,True,12.5,Dem,-1.057,-0.491,-1.549,0.0,0.0
817,f,85,13,1.0,Yes,0.0,0.0,19.0,True,1.5,MCI,-0.59,-1.159,-1.749,0.0,0.0
818,m,84,19,0.0,Yes,0.0,0.0,12.0,True,6.5,Dem,-0.768,-0.987,-1.754,1.0,0.0
819,un,73,11,1.0,No,0.0,0.0,18.0,True,16.5,Dem,-0.058,0.186,0.127,0.0,1.0
820,m,53,16,1.0,Yes,0.0,0.0,16.0,True,10.5,Dem,-1.586,0.317,-1.269,1.0,0.0
821,f,70,19,0.0,Yes,1.0,0.0,11.0,True,4.5,Dem,1.865,-0.917,0.948,1.0,0.0
822,m,85,18,0.0,No,0.0,0.0,16.0,True,9.5,Dem,-0.449,1.475,1.026,0.0,1.0
823,f,76,18,0.0,No,0.0,0.0,18.0,True,10.5,Dem,1.646,-0.657,0.989,0.0,0.0
824,m,67,12,1.0,Yes,0.0,0.0,15.0,False,13.5,Dem,0.353,-0.175,0.179,0.0,0.0
825,u,84,13,0.0,Yes,0.0,1.0,17.0,True,4.5,Dem,1.261,-0.16,1.102,0.0,0.0
826,u,85,11,2.0,Yes,0.0,0.0,,True,0.0,NC,1.002,-0.008,0.995,1.0,0.0
827,f,79,16,,Yes,1.0,1.0,11.0,True,0.0,NC,0.109,0.1,0.209,0.0,0.0
828,f,67,14,0.0,Yes,0.0,0.0,16.0,True,1.5,MCI,-0.25,0.636,0.387,0.0,0.0
829,f,66,17,0.0,Yes,0.0,0.0,15.0,True,,,-0.76,0.611,-0.149,1.0,0.0
830,u,72,18,0.0,Yes,0.0,0.0,17.0,False,0.0,NC,-1.047,1.59,0.543,0.0,0.0
831,f,68,16,0.0,Yes,0.0,0.0,10.0,False,16.5,Dem,1.774,0.709,2.483,0.0,0.0
832,m,67,15,1.0,Yes,0.0,0.0,14.0,True,3.5,MCI,-0.185,0.505,0.32,1.0,0.0
833,m,52,18,,Yes,0.0,0.0,14.0,True,8.5,Dem,-0.19,0.547,0.357,0.0,0.0
834,f,90,19,,Yes,0.0,1.0,18.0,True,,,1.497,0.23,1.727,1.0,0.0
835,m,69,12,0.0,No,0.0,1.0,9.0,True,17.5,Dem,-0.41,0.125,-0.285,1.0,0.0
836,u,62,18,0.0,Yes,0.0,0.0,16.0,False,0.0,NC,-0.079,1.448,1.37,1.0,0.0
837,f,50,11,0.0,Yes,0.0,0.0,16.0,True,15.5,Dem,0.354,0.489,0.842,1.0,0.0
838,m,81,19,2.0,Yes,1.0,0.0,16.0,True,0.0,NC,-1.674,-0.16,-1.833,1.0,0.0
839,un,73,18,2.0,Yes,0.0,1.0,13.0,True,0.0,NC,-0.212,0.755,0.543,0.0,0.0
840,m,50,19,0.0,Yes,0.0,1.0,16.0,True,1.5,MCI,0.398,-0.129,0.269,0.0,0.0
841,un,75,18,2.0,No,0.0,0.0,13.0,True,9.5,Dem,-0.361,-1.383,-1.744,1.0,0.0
842,f,88,14,1.0,Yes,0.0,0.0,14.0,True,2.5,MCI,0.063,-0.699,-0.636,1.0,0.0
843,m,85,10,1.0,Yes,0.0,0.0,18.0,True,2.5,MCI,0.762,1.358,2.12,0.0,1.0
844,m,76,18,1.0,Yes,0.0,0.0,13.0,True,0.5,MCI,-1.294,1.397,0.103,0.0,0.0
845,f,71,12,,Yes,0.0,0.0,16.0,True,0.5,MCI,-0.065,-0.2,-0.265,0.0,0.0
846,f,67,13,0.0,No,0.0,1.0,10.0,True,0.0,NC,-1.015,1.797,0.781,0.0,0.0
847,m,90,14,0.0,Yes,0.0,0.0,17.0,True,12.5,Dem,1.165,0.012,1.177,1.0,0.0
848,m,85,17,0.0,Yes,0.0,1.0,18.0,False,11.5,Dem,1.427,-0.787,0.64,0.0,0.0
849,m,77,11,0.0,Yes,0.0,0.0,12.0,True,1.5,MCI,1.847,-0.998,0.849,0.0,0.0
850,m,63,10,2.0,Yes,0.0,0.0,,True,0.0,NC,1.477,-0.281,1.196,0.0,0.0
851,f,88,10,,No,0.0,0.0,16.0,True,14.5,Dem,1.094,1.472,2.567,0.0,0.0
852,m,80,12,2.0,No,1.0,0.0,16.0,True,5.5,Dem,0.863,0.394,1.257,0.0,0.0
853,un,88,13,1.0,No,0.0,1.0,,True,11.5,Dem,0.732,-0.425,0.307,0.0,0.0
854,m,56,17,,Yes,0.0,0.0,14.0,True,9.5,Dem,-1.066,-1.118,-2.184,1.0,0.0
855,un,61,12,1.0,Yes,0.0,0.0,,True,15.5,Dem,-0.522,-1.763,-2.285,1.0,0.0
856,f,51,20,1.0,Yes,0.0,1.0,9.0,False,,,0.398,0.075,0.473,0.0,0.0
857,f,86,17,1.0,Yes,0.0,0.0,13.0,True,13.5,Dem,0.754,-0.004,0.75,0.0,0.0
858,f,53,13,1.0,No,1.0,0.0,16.0,True,8.5,Dem,0.013,0.293,0.307,0.0,0.0
859,f,78,11,2.0,Yes,0.0,0.0,18.0,False,12.5,Dem,-1.504,0.079,-1.425,0.0,0.0
860,f,66,10,0.0,Yes,0.0,0.0,15.0,True,4.5,Dem,0.552,1.319,1.87,1.0,0.0
861,f,65,19,1.0,Yes,0.0,0.0,14.0,True,16.5,Dem,-1.069,1.207,0.138,0.0,0.0
862,m,58,11,1.0,Yes,0.0,0.0,13.0,True,2.5,MCI,-0.997,-0.469,-1.466,1.0,0.0
863,m,79,20,1.0,Yes,0.0,0.0,17.0,True,11.5,Dem,0.951,1.257,2.208,1.0,0.0
864,f,89,13,0.0,Yes,0.0,0.0,17.0,True,11.5,Dem,-1.451,1.78,0.329,1.0,0.0
865,m,61,11,0.0,Yes,1.0,0.0,18.0,True,16.5,Dem,-1.357,1.489,0.131,1.0,0.0
866,m,55,18,0.0,No,0.0,0.0,20.0,True,17.5,Dem,-0.942,-1.652,-2.594,1.0,0.0
867,f,55,16,0.0,Yes,0.0,1.0,14.0,True,11.5,Dem,-1.088,-1.461,-2.548,0.0,0.0
868,f,67,19,2.0,Yes,0.0,0.0,15.0,True,2.5,MCI,-1.429,-0.283,-1.712,0.0,0.0
869,m,82,19,1.0,Yes,0.0,1.0,13.0,True,14.5,Dem,0.445,-1.191,-0.746,1.0,0.0
870,m,62,17,1.0,No,0.0,0.0,16.0,True,15.5,Dem,-0.617,-0.631,-1.248,1.0,0.0
871,f,57,16,,No,1.0,1.0,,True,7.5,Dem,1.806,0.477,2.283,0.0,0.0
872,m,82,15,0.0,No,0.0,0.0,16.0,True,3.5,MCI,-0.396,0.835,0.439,1.0,0.0
873,m,83,19,1.0,No,1.0,0.0,15.0,True,17.5,Dem,-0.075,-0.823,-0.898,0.0,0.0
874,f,75,15,2.0,Yes,0.0,1.0,13.0,True,14.5,Dem,0.382,1.039,1.42,1.0,0.0
875,f,50,13,2.0,Yes,0.0,1.0,21.0,True,0.0,NC,0.125,0.299,0.424,1.0,0.0
876,m,81,17,2.0,Yes,0.0,0.0,17.0,True,0.5,MCI,0.631,0.714,1.345,1.0,0.0
877,un,82,19,1.0,Yes,0.0,0.0,11.0,True,15.5,Dem,2.467,0.971,3.438,1.0,0.0
878,f,55,16,0.0,Yes,0.0,0.0,14.0,True,8.5,Dem,-0.978,0.836,-0.142,1.0,0.0
879,f,77,14,1.0,No,0.0,0.0,21.0,True,15.5,Dem,0.565,-0.421,0.144,0.0,0.0
880,f,52,19,,Yes,0.0,0.0,11.0,True,11.5,Dem,0.73,0.178,0.908,1.0,0.0
881,f,63,18,1.0,Yes,0.0,0.0,,False,2.5,MCI,2.304,0.714,3.018,1.0,1.0
882,f,54,20,0.0,Yes,0.0,1.0,13.0,True,17.5,Dem,-0.117,1.008,0.891,0.0,0.0
883,f,83,20,,Yes,0.0,0.0,16.0,True,,,-0.958,-0.522,-1.48,0.0,0.0
884,m,67,13,0.0,No,0.0,1.0,8.0,True,9.5,Dem,-0.098,1.098,1.0,0.0,0.0
885,m,78,19,,Yes,0.0,0.0,17.0,True,8.5,Dem,0.097,-0.129,-0.031,0.0,0.0
886,m,60,11,2.0,Yes,0.0,1.0,18.0,True,14.5,Dem,-1.314,1.492,0.177,0.0,0.0
887,m,79,16,0.0,No,0.0,0.0,,True,9.5,Dem,0.04,0.0,0.04,1.0,1.0
888,f,61,14,1.0,No,0.0,1.0,15.0,True,16.5,Dem,-0.801,1.806,1.006,0.0,0.0
889,f,50,19,2.0,Yes,0.0,1.0,13.0,True,5.5,Dem,-1.303,1.053,-0.25,1.0,0.0
890,f,53,10,0.0,Yes,0.0,0.0,19.0,True,3.5,MCI,0.506,-0.166,0.34,0.0,0.0
891,f,71,18,0.0,No,1.0,0.0,14.0,True,5.5,Dem,-1.067,-0.267,-1.334,0.0,0.0
892,un,75,13,,Yes,0.0,0.0,18.0,True,8.5,Dem,-1.812,0.122,-1.69,1.0,0.0
893,m,83,11,0.0,Yes,0.0,0.0,13.0,True,12.5,Dem,-0.451,-0.135,-0.586,1.0,0.0
894,f,73,18,0.0,Yes,0.0,1.0,11.0,True,8.5,Dem,1.325,0.682,2.007,1.0,0.0
895,un,60,14,,Yes,0.0,1.0,18.0,True,0.0,NC,0.416,-1.619,-1.203,0.0,0.0
896,m,89,12,,Yes,1.0,1.0,20.0,True,0.5,MCI,-0.74,-2.162,-2.901,0.0,0.0
897,m,81,13,1.0,Yes,0.0,1.0,15.0,True,11.5,Dem,0.338,1.311,1.649,0.0,0.0
898,m,70,16,1.0,Yes,0.0,1.0,13.0,True,16.5,Dem,0.464,-0.094,0.37,1.0,0.0
899,un,57,14,2.0,No,0.0,0.0,12.0,True,2.5,MCI,0.761,-2.687,-1.925,1.0,0.0
