,Unnamed: 0,sex,age_years,years_education,APOE4,family_dementia_history,abeta42_result,ptau_result,ttau_result,mmse_total,gds_total,cdr_sob,LHVL,LHVR,LWMV,dx_change
0,0,f,51,11,0.0,Yes,1363.0,16.3,331.0,16.0,9.0,16.5,-1.701,-0.521,-0.723,False
1,1,m,76,10,2.0,Yes,1700.0,22.9,223.0,14.0,14.0,1.5,0.254,0.025,0.0,False
2,2,f,61,14,0.0,Yes,1406.0,19.8,202.0,15.0,14.894573643410853,5.5,-0.642,-0.657,0.21,False
3,4,m,56,19,2.0,Yes,1094.0,8.0,170.0,20.0,14.0,10.5,-0.909,-0.139,-0.827,False
4,5,f,80,19,2.0,Yes,1329.0,41.4,231.0,17.0,17.0,0.5,-0.025,-0.679,0.379,True
6,7,m,62,19,0.0,No,1150.0,32.5,85.0,13.0,12.0,3.5,1.125,0.646,0.451,True
7,8,f,75,19,2.0,No,1324.0,22.4,123.0,11.0,13.0,9.5,-0.632,-1.346,-0.274,False
9,10,f,50,15,0.0,No,893.0,19.9,140.0,14.995756718528996,14.0,12.5,0.251,-2.013,0.026,False
10,11,m,90,18,0.0,Yes,385.0,17.5,211.0,18.0,14.0,16.5,-0.366,-0.248,-0.128,False
11,12,m,52,11,1.0,Yes,766.0,16.6,370.0,14.995756718528996,17.0,2.5,-1.993,0.204,0.637,False
13,14,f,56,17,0.0,Yes,901.0,30.3,361.0,15.0,13.0,0.5,-1.02,-0.851,0.38,True
14,15,m,51,16,0.0,Yes,1430.0,15.7,109.0,14.0,14.0,9.5,-1.505,1.469,0.477,False
15,16,f,63,17,1.0,Yes,1078.0,8.0,360.0,12.0,15.0,4.5,0.795,-1.024,0.08,False
16,17,m,70,12,0.0,Yes,1043.0,18.2,220.0,14.995756718528996,15.0,1.5,0.787,0.298,-1.059,True
17,18,f,78,15,0.0,Yes,1007.0,32.1,149.0,17.0,17.0,4.5,-0.054,1.557,-0.823,False
19,20,m,61,17,0.0,Yes,1700.0,13.1,222.0,12.0,19.0,4.5,0.123,0.102,2.128,False
20,21,m,71,16,1.0,Yes,1210.0,22.8,314.0,14.0,14.0,5.5,-1.085,-1.094,0.067,False
21,22,m,77,20,1.0,Yes,1041.0,28.4,248.0,14.995756718528996,11.0,12.5,-1.279,0.218,-1.711,False
22,23,m,74,18,0.0,No,1010.0,16.9,298.0,20.0,13.0,0.0,-0.408,0.453,-1.032,False
23,24,f,90,20,2.0,No,985.0,31.4,321.0,16.0,10.0,0.0,1.448,1.109,0.786,True
24,25,m,84,17,0.0,Yes,1090.0,28.2,97.0,9.0,12.0,17.5,1.859,0.456,1.539,False
25,26,un,75,11,0.0,Yes,1106.0,21.8,242.0,16.0,14.894573643410853,15.5,0.941,1.316,-2.473,False
26,27,u,58,16,1.0,Yes,1472.0,26.5,94.0,15.0,13.0,5.5,-0.067,-0.876,1.41,False
27,28,un,82,20,2.0,Yes,1127.0,24.5,218.0,18.0,12.0,11.5,-0.032,-1.64,0.425,False
28,29,m,63,19,1.0,No,898.0,11.3,293.0,14.0,14.894573643410853,15.5,-0.666,1.891,0.863,False
30,31,m,61,11,0.0,No,1469.0,8.0,132.0,11.0,19.0,1.5,0.835,-1.109,-0.102,True
31,32,m,63,19,0.0,Yes,1392.0,25.1,344.0,22.0,14.0,9.5,-0.412,0.433,-0.078,False
33,34,f,69,10,2.0,Yes,1266.0,17.2,259.0,13.0,19.0,5.5,-1.541,-0.951,-1.741,False
35,36,m,71,14,2.0,Yes,1142.0,16.1,273.0,17.0,13.0,7.5,-1.452,-0.001,-0.081,False
36,37,m,62,18,1.0,Yes,270.0,13.9,109.0,14.995756718528996,18.0,14.5,-0.66,-1.0,-0.107,False
37,38,m,54,12,0.0,Yes,1700.0,8.2,354.0,13.0,12.0,5.5,0.674,-0.908,-1.598,False
38,39,f,85,13,0.0,Yes,1042.0,19.1,114.0,13.0,17.0,11.5,0.367,-0.487,0.283,False
40,42,f,79,18,0.0,Yes,705.0,35.9,246.0,18.0,15.0,0.5,0.673,1.007,0.992,True
41,43,f,58,12,0.0,Yes,762.0,22.0,178.0,14.0,16.0,12.5,-0.539,-1.094,0.519,False
42,44,un,58,12,1.0,No,640.0,34.9,80.0,20.0,18.0,0.5,0.728,0.64,1.247,True
43,45,m,62,18,0.0,Yes,872.0,29.4,339.0,14.995756718528996,15.0,0.5,-0.827,0.082,0.844,True
44,46,f,90,10,0.0,No,357.0,40.0,325.0,14.995756718528996,17.0,3.5,-1.405,0.026,-0.904,True
45,47,m,83,17,1.0,Yes,1643.0,34.9,228.0,15.0,14.0,16.5,0.646,-0.368,0.753,False
46,48,m,80,14,0.0,Yes,1514.0,27.0,281.0,11.0,12.0,0.0,0.916,1.087,-0.06,False
47,49,f,78,20,2.0,Yes,1325.0,8.0,295.0,14.0,14.894573643410853,0.0,0.232,-0.704,1.44,False
49,51,f,58,13,1.0,Yes,857.0,27.4,305.0,15.0,22.0,15.5,0.603,-0.96,-0.978,False
51,53,f,64,14,2.0,Yes,486.0,35.1,332.0,13.0,9.0,10.5,0.166,0.492,-0.187,False
54,56,f,65,20,0.0,No,608.0,19.3,183.0,17.0,14.894573643410853,2.5,-1.62,0.495,0.994,False
55,57,m,72,13,0.0,Yes,1496.0,12.0,80.0,14.0,10.0,1.5,-1.217,0.879,0.86,False
56,58,m,61,19,1.0,Yes,1539.0,21.2,321.0,17.0,12.0,6.5,-0.158,0.05,1.814,False
57,59,m,89,18,0.0,No,1004.0,25.8,226.0,16.0,14.894573643410853,2.5,-0.611,0.637,-0.012,False
58,60,f,60,13,0.0,No,1143.0,23.1,133.0,17.0,12.0,15.5,-1.509,0.57,-0.638,False
59,61,m,62,18,2.0,Yes,751.0,28.6,138.0,9.0,15.0,9.5,-0.577,-0.083,-0.913,False
61,63,f,88,12,0.0,Yes,1495.0,28.3,186.0,18.0,13.0,0.0,1.513,0.256,-1.161,True
62,64,f,53,18,0.0,Yes,583.0,22.0,80.0,13.0,17.0,11.5,0.853,0.151,-0.417,False
64,66,f,88,18,0.0,No,880.0,8.0,80.0,14.0,19.0,17.5,-1.034,-2.328,-1.536,False
66,68,m,86,16,0.0,Yes,1133.0,18.0,86.0,12.0,17.0,17.5,-0.971,0.859,-0.124,False
67,69,f,62,16,0.0,No,1563.0,12.8,262.0,16.0,16.0,2.5,-0.475,1.123,-0.709,True
69,71,m,69,14,0.0,Yes,1108.0,8.0,151.0,16.0,16.0,0.0,-1.428,1.023,-1.487,True
70,72,m,63,18,0.0,Yes,876.0,16.3,188.0,12.0,14.0,0.0,-0.422,-2.525,0.018,True
71,73,m,72,20,0.0,No,1549.0,26.4,88.0,16.0,14.0,6.5,1.426,0.802,0.064,False
72,74,un,55,14,2.0,No,1700.0,13.8,115.0,14.0,15.0,8.5,1.286,-1.068,-0.388,False
73,75,m,83,17,0.0,Yes,1360.0,8.0,368.0,13.0,14.0,6.5,1.446,-0.075,0.111,False
74,77,f,86,13,0.0,Yes,1290.0,20.9,359.0,17.0,17.0,14.5,-0.451,2.195,0.375,False
75,78,f,57,14,1.0,Yes,1683.0,14.7,156.0,14.995756718528996,9.0,15.5,-0.533,-1.427,-0.631,False
78,81,f,61,12,0.0,No,836.0,39.2,320.0,19.0,16.0,8.5,0.009,0.08,-0.87,False
79,82,m,68,20,2.0,No,1236.0,27.5,288.0,15.0,13.0,9.5,-0.255,-0.501,1.763,False
80,83,f,74,10,1.0,Yes,725.0,24.1,246.0,13.0,14.894573643410853,14.5,2.678,2.619,-2.128,False
81,84,f,62,20,0.0,Yes,1700.0,32.0,80.0,13.0,14.0,5.5,0.373,-0.762,0.055,False
82,85,f,86,13,0.0,Yes,956.0,16.2,275.0,9.0,16.0,5.5,0.79,0.214,0.562,False
85,88,f,51,14,0.0,Yes,1055.0,27.7,124.0,14.995756718528996,13.0,14.5,-0.786,0.125,0.02,False
86,89,m,82,15,1.0,No,1616.0,23.5,217.0,14.995756718528996,15.0,7.5,-0.466,-0.074,0.119,False
87,90,m,68,17,1.0,No,1121.0,19.4,232.0,18.0,19.0,1.5,0.801,-1.229,0.367,False
88,91,f,61,10,1.0,Yes,1034.0,24.2,111.0,17.0,9.0,2.5,0.088,-2.089,-0.786,False
89,92,f,64,11,0.0,No,1268.0,25.4,490.0,18.0,14.894573643410853,15.5,-0.538,0.95,0.651,False
90,93,m,72,16,0.0,Yes,951.0,26.1,154.0,15.0,10.0,9.5,0.074,1.005,0.409,False
91,94,f,50,12,0.0,Yes,1380.0,14.1,207.0,13.0,14.894573643410853,16.5,0.207,0.972,0.314,False
92,95,f,62,12,1.0,Yes,1371.0,19.9,142.0,20.0,10.0,4.5,1.937,-1.034,-0.017,False
93,96,f,79,14,0.0,Yes,1510.0,8.7,80.0,15.0,14.894573643410853,9.5,0.461,0.415,1.326,False
95,98,f,50,13,1.0,Yes,794.0,15.3,216.0,11.0,15.0,13.5,0.006,-1.31,1.95,False
96,100,m,90,14,1.0,Yes,1482.0,9.5,251.0,11.0,13.0,5.5,0.134,0.952,0.267,False
98,103,m,86,14,0.0,Yes,857.0,11.6,273.0,12.0,18.0,14.5,-1.14,1.052,-1.054,False
99,104,u,61,10,1.0,Yes,1140.0,8.0,217.0,15.0,19.0,1.5,0.326,-1.38,-1.174,False
100,105,u,55,20,2.0,No,967.0,39.1,146.0,17.0,14.0,3.5,0.3,0.794,0.645,False
101,106,f,63,17,0.0,Yes,1093.0,10.3,235.0,14.0,14.0,16.5,-0.091,-1.205,0.144,False
102,107,m,75,19,0.0,Yes,1190.0,18.6,175.0,11.0,15.0,3.5,0.071,-1.026,0.47,False
103,108,f,83,16,0.0,No,1168.0,38.3,80.0,18.0,16.0,5.5,-0.157,-0.431,-0.297,False
105,110,f,84,19,0.0,Yes,1055.0,30.0,328.0,18.0,17.0,7.5,0.464,0.477,-0.951,False
106,111,f,66,14,0.0,Yes,699.0,17.5,185.0,12.0,18.0,5.5,0.208,0.309,-2.255,False
107,112,m,85,10,1.0,No,930.0,16.4,172.0,14.0,14.0,0.0,1.286,1.46,1.902,False
108,113,f,50,10,0.0,Yes,1349.0,36.2,157.0,10.0,16.0,4.5,-0.948,-1.65,0.46,False
109,114,m,89,19,1.0,Yes,1500.0,31.9,341.0,17.0,17.0,16.5,0.117,-0.788,-0.352,False
110,115,f,67,19,1.0,Yes,491.0,33.0,319.0,14.995756718528996,8.0,11.5,0.335,0.864,0.593,False
111,116,f,66,11,0.0,No,1700.0,12.1,93.0,19.0,14.894573643410853,5.5,-1.541,0.499,0.705,False
113,118,f,51,12,0.0,Yes,1510.0,23.1,141.0,14.0,14.0,11.5,0.46,1.308,-0.671,False
114,119,m,69,10,0.0,Yes,1455.0,11.1,115.0,10.0,17.0,10.5,-0.422,1.29,-0.507,False
116,121,m,84,10,0.0,Yes,339.0,18.0,317.0,15.0,14.0,9.5,-0.048,1.227,-0.58,False
117,122,u,60,19,1.0,No,1280.0,18.1,360.0,19.0,18.0,13.5,-0.255,-1.385,1.211,False
118,123,m,55,18,1.0,Yes,622.0,10.0,240.0,19.0,15.0,0.0,-0.766,-0.291,1.405,True
119,124,f,58,17,2.0,Yes,1700.0,22.1,411.0,12.0,13.0,12.5,1.798,0.406,0.116,False
120,125,m,52,10,0.0,Yes,1167.0,28.4,194.0,16.0,14.0,12.5,1.188,-1.563,-0.255,False
121,127,m,81,13,1.0,Yes,1358.0,8.0,333.0,14.995756718528996,13.0,6.5,0.872,0.261,0.384,False
123,129,m,59,18,1.0,No,1700.0,25.9,263.0,16.0,15.0,11.5,1.771,0.78,-2.214,False
126,132,m,61,16,0.0,No,737.0,18.0,164.0,20.0,13.0,11.5,-0.255,0.849,-0.733,False
127,133,un,77,17,0.0,Yes,1499.0,14.4,265.0,12.0,17.0,5.5,0.961,1.288,1.342,False
128,134,f,72,15,0.0,Yes,830.0,8.0,200.0,15.0,13.0,7.5,0.045,2.145,0.551,False
129,135,u,78,19,0.0,Yes,844.0,20.2,395.0,14.0,10.0,10.5,-1.51,-0.752,-0.758,False
133,139,m,87,20,2.0,Yes,828.0,38.3,311.0,15.0,16.0,9.5,-1.59,-0.177,-1.825,False
134,140,f,52,11,0.0,Yes,1297.0,25.7,185.0,20.0,22.0,13.5,-0.897,-0.132,-0.624,False
136,142,m,61,20,0.0,No,335.0,18.6,331.0,19.0,16.0,2.5,-1.333,-0.199,2.159,True
137,143,m,68,15,0.0,Yes,1058.0,8.3,285.0,17.0,13.0,0.0,0.258,-1.275,0.475,True
139,145,m,76,15,1.0,Yes,688.0,8.0,148.0,16.0,14.0,0.5,-1.499,-0.579,-2.561,False
140,146,m,79,12,0.0,Yes,1144.0,30.0,203.0,15.0,16.0,4.5,1.055,-1.894,-0.72,False
141,147,m,89,14,1.0,No,1164.0,30.2,324.0,13.0,14.894573643410853,8.5,1.492,1.027,0.879,False
142,148,f,55,14,0.0,Yes,1244.0,27.5,163.0,14.0,13.0,13.5,-0.102,-1.517,0.81,False
144,150,m,81,19,0.0,No,962.0,10.9,160.0,14.995756718528996,17.0,8.5,-1.699,-0.699,-0.691,False
147,153,f,54,15,2.0,Yes,1128.0,11.1,80.0,18.0,16.0,0.5,1.317,-3.101,-0.012,False
148,154,m,78,15,0.0,No,1007.0,24.4,277.0,20.0,18.0,0.5,-0.423,0.471,-0.918,True
149,155,m,78,14,1.0,No,951.0,27.0,278.0,18.0,17.0,6.5,0.011,1.009,-1.12,False
150,156,m,55,20,0.0,Yes,1367.0,24.6,370.0,19.0,18.0,8.5,1.244,2.579,0.066,False
151,157,un,55,11,0.0,No,867.0,16.8,243.0,16.0,12.0,8.5,-0.435,-0.357,1.278,False
152,158,f,68,19,0.0,Yes,1191.0,8.0,83.0,12.0,11.0,14.5,0.227,-1.582,-0.359,False
153,159,un,75,13,2.0,No,1526.0,8.5,172.0,15.0,13.0,10.5,-1.524,2.674,0.845,False
154,160,f,66,16,0.0,Yes,1519.0,10.4,275.0,14.0,14.0,14.5,1.043,0.604,0.753,False
155,161,m,61,10,1.0,Yes,845.0,11.1,333.0,12.0,13.0,10.5,-0.596,1.083,-0.624,False
156,162,f,51,19,1.0,No,1662.0,8.0,252.0,17.0,13.0,0.0,-0.131,-1.653,-0.281,True
157,163,m,71,11,0.0,No,1170.0,8.0,92.0,15.0,13.0,1.5,1.175,-3.3,-1.198,True
158,164,f,83,18,0.0,No,1267.0,22.9,117.0,15.0,18.0,0.0,-0.663,-0.17,0.461,True
159,165,f,76,18,0.0,No,1316.0,30.1,157.0,15.0,15.0,14.5,0.08,-2.505,0.603,False
160,166,m,83,10,0.0,Yes,1700.0,11.5,92.0,14.0,14.0,0.5,-1.145,-0.267,-0.744,True
162,168,m,89,10,1.0,Yes,505.0,18.2,204.0,21.0,17.0,0.0,1.503,-0.013,0.048,True
163,169,u,86,10,1.0,Yes,973.0,29.8,290.0,19.0,18.0,0.0,1.058,-0.506,0.675,False
165,171,m,86,15,0.0,Yes,876.0,22.4,216.0,16.0,14.0,0.0,-0.814,-1.731,-1.112,False
166,172,m,68,13,2.0,Yes,1091.0,16.5,274.0,14.0,12.0,14.5,-1.368,0.508,1.021,False
167,173,u,77,12,2.0,Yes,1067.0,17.8,98.0,16.0,17.0,8.5,0.413,0.741,0.576,False
168,174,f,54,10,0.0,Yes,435.0,8.0,150.0,14.995756718528996,19.0,12.5,0.251,-0.128,0.023,False
169,175,m,62,17,1.0,Yes,1133.0,8.0,80.0,16.0,14.0,12.5,0.036,0.01,-1.088,False
170,176,m,84,14,1.0,Yes,1470.0,31.2,261.0,16.0,15.0,10.5,-0.358,-0.204,1.091,False
171,177,f,65,14,0.0,No,499.0,29.2,80.0,12.0,16.0,3.5,1.001,-0.9,1.832,True
172,178,m,85,18,0.0,Yes,1700.0,34.7,216.0,15.0,12.0,11.5,-0.463,-1.172,1.227,False
173,180,m,85,18,0.0,No,1240.0,34.7,189.0,14.995756718528996,13.0,1.5,0.191,0.524,-0.001,True
174,181,f,50,18,2.0,No,1122.0,19.3,364.0,18.0,15.0,13.5,0.029,-0.521,-0.312,False
175,182,m,77,19,0.0,Yes,1424.0,35.6,80.0,14.995756718528996,18.0,4.5,0.584,-0.09,-0.348,False
176,183,f,67,19,0.0,No,1530.0,8.6,80.0,13.0,18.0,15.5,0.983,-0.242,1.353,False
177,184,u,53,17,2.0,Yes,1243.0,21.3,192.0,8.0,15.0,13.5,0.595,0.656,-0.03,False
178,185,f,89,17,0.0,No,1420.0,17.7,85.0,11.0,15.0,0.5,-0.664,0.488,-0.984,True
179,186,f,81,16,2.0,Yes,519.0,11.6,201.0,14.0,17.0,4.5,-0.844,-0.229,0.156,False
180,187,m,59,18,0.0,Yes,1357.0,21.5,80.0,15.0,18.0,0.0,1.788,-2.33,1.27,True
183,191,m,69,10,2.0,Yes,1399.0,28.8,236.0,16.0,21.0,9.5,0.164,2.639,-0.28,False
184,192,m,69,15,0.0,No,638.0,12.1,249.0,8.0,13.0,0.0,-0.355,-0.246,0.767,True
185,193,f,52,17,0.0,Yes,1314.0,8.0,324.0,14.995756718528996,16.0,9.5,-0.409,0.748,0.626,False
186,195,m,64,16,1.0,No,576.0,23.5,209.0,21.0,18.0,5.5,0.46,-0.212,-0.223,False
187,196,m,59,20,1.0,Yes,1379.0,36.6,134.0,17.0,15.0,3.5,0.933,1.165,0.154,True
188,197,m,54,19,0.0,Yes,1214.0,14.6,213.0,16.0,12.0,9.5,-0.118,-0.371,0.662,False
189,198,f,51,14,2.0,Yes,633.0,33.3,226.0,13.0,14.0,0.0,-1.029,-1.332,-0.582,False
190,199,m,56,17,1.0,Yes,762.0,8.0,80.0,18.0,18.0,9.5,2.46,0.723,-0.212,False
191,200,f,85,17,1.0,No,1405.0,21.1,80.0,11.0,18.0,1.5,0.081,-1.654,-0.671,True
192,201,m,72,14,1.0,No,1585.0,8.3,236.0,14.0,18.0,0.0,0.303,0.573,-0.368,True
193,202,un,90,18,0.0,No,1549.0,31.4,109.0,13.0,22.0,3.5,0.329,-1.482,-1.465,True
195,204,f,82,17,1.0,No,1305.0,17.9,294.0,16.0,21.0,0.0,-1.233,0.319,-0.122,True
196,205,m,67,11,0.0,Yes,872.0,14.8,140.0,17.0,17.0,16.5,0.755,-1.33,-0.372,False
198,207,f,61,15,0.0,Yes,1504.0,8.0,228.0,14.995756718528996,14.894573643410853,14.5,-1.76,-0.018,-2.027,False
200,209,m,85,17,0.0,No,549.0,10.5,196.0,14.995756718528996,13.0,1.5,-0.747,0.4,1.013,True
201,210,m,61,10,0.0,Yes,1326.0,8.0,322.0,18.0,20.0,9.5,0.581,0.019,-0.441,False
202,211,f,88,13,0.0,No,1130.0,17.6,147.0,16.0,14.0,13.5,-0.077,-1.095,-0.758,False
203,212,f,51,16,1.0,Yes,1700.0,20.0,164.0,20.0,15.0,10.5,0.236,1.283,-2.37,False
204,213,f,88,15,0.0,No,1700.0,30.7,255.0,10.0,14.894573643410853,4.5,-0.331,-0.651,-0.308,False
205,214,f,63,17,0.0,Yes,877.0,12.6,283.0,15.0,12.0,0.5,-0.671,-0.698,1.715,False
206,215,f,66,10,0.0,No,270.0,30.1,365.0,21.0,14.0,2.5,-0.124,0.129,-1.137,True
207,216,f,78,10,0.0,No,784.0,35.9,93.0,16.0,17.0,4.5,-0.684,-2.142,-0.09,False
208,217,m,89,15,1.0,Yes,1084.0,29.2,137.0,17.0,18.0,0.0,-0.386,0.318,-0.082,False
209,218,f,83,12,1.0,Yes,1277.0,16.8,125.0,14.995756718528996,19.0,14.5,0.618,0.468,0.243,False
210,219,f,53,14,1.0,Yes,629.0,8.0,164.0,14.995756718528996,17.0,6.5,-1.87,0.325,-1.262,False
211,220,m,56,20,0.0,Yes,1657.0,25.8,194.0,11.0,16.0,4.5,-0.351,0.288,1.003,False
212,221,f,80,13,0.0,Yes,1406.0,8.0,169.0,15.0,13.0,0.0,-0.08,0.285,0.675,True
213,222,f,57,19,2.0,Yes,697.0,23.2,122.0,15.0,17.0,11.5,-1.359,-0.645,-0.627,False
215,224,m,71,14,0.0,Yes,1426.0,10.0,309.0,16.0,12.0,16.5,0.261,0.575,-0.438,False
216,225,f,60,20,1.0,Yes,897.0,16.2,282.0,18.0,16.0,17.5,1.741,-2.999,-0.653,False
217,226,f,67,16,1.0,Yes,1566.0,24.9,149.0,12.0,12.0,0.0,-0.216,0.551,0.411,False
218,228,m,68,20,1.0,Yes,1294.0,11.2,367.0,13.0,18.0,14.5,-1.083,-0.484,0.807,False
219,229,m,52,19,1.0,Yes,591.0,8.0,397.0,17.0,14.0,0.0,1.727,-1.204,0.435,False
220,230,f,90,14,0.0,Yes,733.0,21.2,113.0,16.0,17.0,0.0,-2.284,-0.828,-0.131,True
221,231,m,88,12,0.0,Yes,1466.0,25.5,80.0,17.0,14.0,0.0,0.53,-0.332,-0.416,True
222,232,f,77,14,2.0,Yes,1409.0,8.0,352.0,13.0,15.0,0.0,0.876,-0.598,0.224,True
223,233,m,76,17,1.0,Yes,1218.0,8.0,130.0,15.0,15.0,16.5,-1.696,-0.219,2.414,False
226,236,f,59,14,1.0,Yes,859.0,15.8,223.0,14.0,9.0,2.5,-1.392,1.726,-0.198,False
227,237,f,76,14,0.0,Yes,854.0,8.0,334.0,16.0,8.0,10.5,1.267,0.826,-0.668,False
228,238,f,55,19,0.0,Yes,824.0,33.7,134.0,15.0,12.0,3.5,-0.231,0.795,0.065,False
229,239,m,76,14,2.0,Yes,1464.0,28.9,139.0,14.0,11.0,6.5,0.503,0.808,1.154,False
230,241,f,54,13,0.0,Yes,1231.0,11.4,107.0,14.0,13.0,0.0,1.726,-0.055,-1.039,False
231,242,f,80,20,1.0,Yes,1627.0,32.0,409.0,15.0,17.0,3.5,-0.62,-0.16,0.391,False
232,243,f,69,12,0.0,Yes,827.0,24.2,240.0,15.0,16.0,0.0,0.096,0.074,-0.543,True
233,244,u,69,11,0.0,Yes,894.0,11.0,161.0,16.0,17.0,14.5,1.443,0.466,0.506,False
234,245,m,51,18,2.0,Yes,1700.0,24.9,208.0,11.0,13.0,17.5,0.832,-0.632,-0.58,False
235,246,f,75,18,1.0,Yes,1634.0,19.3,143.0,17.0,13.0,0.0,0.684,-0.424,-1.924,True
236,247,m,52,16,0.0,Yes,1489.0,27.7,157.0,18.0,16.0,2.5,-0.273,-0.254,-0.559,False
237,248,m,65,19,1.0,No,1340.0,28.1,106.0,16.0,19.0,0.0,-1.474,-0.733,-0.071,False
238,249,f,69,18,2.0,Yes,1231.0,9.6,139.0,17.0,14.0,13.5,-1.93,-2.394,0.636,False
240,251,m,74,20,2.0,Yes,1299.0,21.0,173.0,13.0,18.0,0.0,-1.341,-0.162,-0.29,True
241,252,f,81,15,1.0,Yes,879.0,31.2,332.0,19.0,16.0,0.5,-0.215,-0.209,-1.208,True
242,253,m,56,15,1.0,No,1612.0,18.3,278.0,13.0,16.0,12.5,-1.217,0.486,0.135,False
243,256,m,74,18,1.0,Yes,351.0,18.7,176.0,22.0,14.894573643410853,7.5,-0.02,1.289,-1.293,False
244,257,m,61,13,1.0,Yes,717.0,8.0,94.0,13.0,20.0,0.0,-0.413,-0.417,-1.715,True
245,258,m,76,12,0.0,No,1700.0,18.8,285.0,16.0,13.0,0.5,0.641,1.309,1.508,True
246,259,m,78,12,1.0,Yes,1260.0,22.2,259.0,18.0,15.0,5.5,-0.442,-2.045,-0.086,False
247,260,f,90,11,2.0,No,1119.0,21.9,304.0,14.995756718528996,16.0,0.0,-0.752,-0.081,-1.703,True
248,261,f,73,20,1.0,Yes,1607.0,19.0,278.0,19.0,9.0,17.5,-0.245,-1.146,-1.314,False
249,262,f,51,19,0.0,No,980.0,16.3,88.0,14.0,13.0,0.0,1.151,-0.539,-2.555,True
250,263,m,82,15,2.0,Yes,1700.0,26.6,85.0,18.0,18.0,16.5,-0.665,1.448,1.343,False
251,264,f,63,15,1.0,Yes,1326.0,14.1,188.0,13.0,21.0,1.5,-0.984,1.563,-1.177,False
252,266,m,64,15,1.0,Yes,1604.0,8.0,354.0,19.0,13.0,12.5,2.278,-1.036,1.182,False
253,267,m,84,13,0.0,Yes,460.0,28.1,169.0,12.0,12.0,10.5,0.244,1.298,-0.322,False
254,268,f,68,19,0.0,No,311.0,15.5,160.0,14.0,13.0,0.0,-0.593,-0.973,0.321,True
255,270,f,74,12,0.0,No,1700.0,21.2,137.0,16.0,10.0,10.5,0.516,1.473,-0.933,False
256,271,m,87,10,0.0,Yes,1262.0,25.9,226.0,12.0,17.0,4.5,-0.298,1.131,-1.174,False
257,272,f,87,12,1.0,Yes,1033.0,24.6,267.0,13.0,12.0,8.5,-0.853,-0.265,0.59,False
258,273,m,89,10,2.0,No,1059.0,8.0,251.0,17.0,15.0,4.5,0.228,-0.22,-0.032,False
259,274,f,77,13,0.0,Yes,814.0,12.2,170.0,14.0,14.0,10.5,-0.732,-0.067,0.158,False
260,275,un,68,13,1.0,No,532.0,21.1,115.0,16.0,14.0,17.5,0.316,1.213,0.258,False
261,276,f,61,20,0.0,Yes,1222.0,15.6,283.0,19.0,13.0,2.5,1.563,-0.15,0.07,True
263,278,m,76,15,0.0,Yes,1408.0,20.9,80.0,21.0,13.0,12.5,-0.28,-0.16,-1.171,False
264,279,f,55,20,0.0,Yes,783.0,8.0,297.0,13.0,14.0,0.0,0.949,2.126,0.51,True
265,280,f,51,19,0.0,Yes,686.0,17.7,130.0,16.0,8.0,14.5,-1.56,-2.019,-0.42,False
267,282,u,81,13,0.0,Yes,1587.0,18.1,145.0,14.0,13.0,8.5,-1.118,-0.618,-1.624,False
268,283,f,90,13,0.0,Yes,1474.0,27.2,404.0,13.0,12.0,10.5,0.538,0.364,-0.44,False
269,284,m,89,17,0.0,Yes,726.0,49.3,151.0,17.0,15.0,0.5,0.212,-0.247,0.683,True
270,285,f,62,15,0.0,Yes,945.0,27.3,359.0,13.0,10.0,0.0,-0.757,0.216,-1.814,False
271,286,m,60,14,1.0,Yes,1700.0,14.7,398.0,17.0,17.0,0.0,-0.925,1.397,1.039,True
272,287,m,50,20,2.0,Yes,713.0,20.1,228.0,14.995756718528996,15.0,0.5,1.352,1.0,-0.943,False
274,289,f,57,19,0.0,Yes,817.0,17.8,260.0,16.0,14.894573643410853,0.5,0.163,1.529,-0.849,True
275,290,f,56,15,0.0,Yes,1461.0,12.0,166.0,14.995756718528996,14.894573643410853,0.5,-2.353,1.815,-1.195,False
276,291,m,61,17,0.0,Yes,922.0,8.0,427.0,19.0,13.0,16.5,0.309,-0.856,0.367,False
277,292,m,90,17,0.0,Yes,1559.0,14.2,80.0,10.0,17.0,0.0,-0.253,-0.516,1.004,True
278,293,f,64,18,0.0,No,1700.0,20.0,274.0,14.995756718528996,14.0,0.5,1.044,0.856,0.176,True
279,294,u,58,14,0.0,No,612.0,11.3,189.0,14.0,19.0,9.5,-0.787,-1.098,0.418,False
280,295,f,80,10,1.0,No,1242.0,25.1,120.0,10.0,16.0,9.5,-0.352,1.368,0.33,False
281,296,f,80,14,0.0,No,1362.0,8.0,359.0,18.0,21.0,3.5,1.163,-0.522,-0.172,False
282,297,f,64,20,0.0,Yes,1155.0,8.0,194.0,16.0,14.894573643410853,2.5,-1.93,1.47,-0.922,True
283,298,f,75,13,0.0,Yes,1700.0,20.2,230.0,14.0,14.894573643410853,3.5,1.652,0.184,0.535,True
284,299,u,70,11,1.0,Yes,1146.0,31.4,271.0,13.0,16.0,0.0,1.163,1.98,-0.664,False
285,300,m,63,14,0.0,Yes,1077.0,13.8,80.0,18.0,15.0,6.5,0.644,0.159,-0.357,False
286,301,f,90,20,0.0,No,1431.0,27.7,108.0,16.0,16.0,3.5,-1.224,-0.833,-1.116,False
287,302,m,50,15,0.0,Yes,1306.0,10.7,155.0,18.0,16.0,3.5,1.024,0.06,1.182,True
288,303,f,57,20,1.0,No,892.0,27.4,290.0,15.0,15.0,3.5,0.076,0.336,0.604,True
289,304,u,60,20,2.0,Yes,1681.0,25.8,241.0,17.0,13.0,13.5,-0.111,1.002,-0.578,False
290,305,f,51,13,0.0,Yes,959.0,33.4,271.0,14.995756718528996,16.0,11.5,-1.45,0.771,-0.06,False
291,306,f,76,19,2.0,Yes,1135.0,8.0,221.0,14.0,12.0,0.5,-2.666,-0.112,-0.138,True
292,307,m,52,20,2.0,No,1333.0,9.4,120.0,15.0,16.0,0.0,0.122,0.996,-0.845,True
293,308,m,73,17,1.0,Yes,1351.0,23.7,171.0,15.0,16.0,16.5,0.317,0.121,-0.933,False
294,309,f,64,12,1.0,Yes,691.0,24.5,137.0,14.0,18.0,1.5,2.787,0.487,0.833,False
295,310,f,84,20,1.0,Yes,1119.0,18.7,267.0,14.0,13.0,11.5,-0.105,-0.549,1.254,False
296,311,m,90,13,0.0,Yes,1413.0,17.0,80.0,14.995756718528996,14.894573643410853,4.5,0.63,0.043,-1.589,False
297,312,f,58,13,1.0,Yes,1437.0,8.0,137.0,17.0,15.0,0.0,-0.682,-0.428,-0.042,True
298,313,f,83,18,0.0,Yes,886.0,24.0,166.0,15.0,17.0,0.0,1.051,0.55,-0.447,True
299,314,m,55,11,2.0,Yes,1474.0,22.3,167.0,13.0,16.0,5.5,-0.272,-0.546,0.705,False
301,316,m,76,13,0.0,Yes,428.0,16.7,302.0,15.0,9.0,15.5,0.337,-2.264,-1.865,False
303,318,f,76,19,0.0,Yes,1440.0,33.2,250.0,15.0,14.0,12.5,0.839,-0.25,-0.371,False
304,319,f,80,18,0.0,No,1700.0,14.8,139.0,16.0,14.894573643410853,0.5,0.892,1.579,-0.07,True
306,321,f,69,18,1.0,No,270.0,27.8,410.0,13.0,14.894573643410853,14.5,-0.515,-1.058,-0.213,False
307,322,m,58,19,0.0,No,1241.0,20.6,342.0,13.0,11.0,0.0,1.767,-0.037,-0.886,False
308,323,m,60,13,0.0,Yes,1430.0,37.1,80.0,13.0,16.0,0.0,-0.285,0.124,0.154,False
309,324,f,78,14,2.0,Yes,1277.0,20.6,176.0,20.0,14.894573643410853,11.5,-1.083,-0.937,-1.411,False
310,325,m,52,19,0.0,Yes,1190.0,10.6,172.0,12.0,20.0,0.0,-0.604,-0.796,0.27,True
312,327,m,58,13,2.0,Yes,1577.0,31.3,224.0,15.0,18.0,2.5,-0.43,-1.631,1.27,True
313,328,f,90,11,2.0,Yes,946.0,20.4,290.0,15.0,13.0,11.5,0.263,1.49,2.593,False
314,329,m,60,20,1.0,No,1170.0,20.6,366.0,17.0,15.0,3.5,-1.747,0.672,-2.027,False
315,330,f,83,12,1.0,Yes,1700.0,22.2,289.0,14.0,14.894573643410853,0.0,-0.066,-0.544,0.263,True
317,332,m,72,13,0.0,Yes,947.0,17.6,203.0,13.0,19.0,14.5,-0.284,1.088,-0.32,False
318,333,f,57,13,1.0,Yes,644.0,33.2,118.0,16.0,15.0,0.0,-1.276,0.137,-1.204,False
319,334,m,66,14,0.0,Yes,1700.0,8.0,80.0,17.0,17.0,7.5,0.389,-0.883,-0.497,False
320,335,m,64,14,0.0,Yes,521.0,24.0,131.0,13.0,14.894573643410853,1.5,0.143,-0.317,0.792,False
321,336,m,50,14,0.0,Yes,1700.0,20.1,253.0,12.0,16.0,14.5,-0.739,-0.464,-1.928,False
322,337,f,84,19,0.0,Yes,1230.0,15.2,345.0,13.0,14.894573643410853,3.5,-0.626,0.154,1.036,False
323,338,m,79,20,0.0,No,397.0,9.6,206.0,14.995756718528996,20.0,0.0,0.29,0.443,-0.265,False
324,339,m,61,13,1.0,No,1556.0,24.2,117.0,20.0,11.0,4.5,-1.775,-1.106,0.417,False
325,340,f,87,15,1.0,Yes,1099.0,17.8,124.0,18.0,13.0,12.5,-1.412,0.208,-2.261,False
327,342,m,76,12,0.0,No,1467.0,19.8,176.0,13.0,13.0,16.5,-0.038,-0.71,0.143,False
328,343,f,52,20,2.0,Yes,1032.0,19.0,80.0,16.0,20.0,0.0,-2.483,-1.413,-0.228,False
329,344,m,81,18,0.0,Yes,1315.0,18.1,360.0,14.0,11.0,1.5,0.489,0.295,0.716,True
330,345,m,88,15,0.0,Yes,483.0,34.8,161.0,19.0,15.0,0.5,0.475,-0.52,-0.695,True
331,346,m,51,19,1.0,Yes,1053.0,27.7,92.0,14.995756718528996,14.0,0.5,-0.107,-0.711,-1.738,True
332,347,un,63,13,1.0,Yes,1290.0,21.4,252.0,12.0,14.0,0.0,0.925,0.905,0.318,False
335,350,m,67,16,0.0,No,1038.0,32.9,237.0,15.0,16.0,3.5,-0.265,0.82,0.924,False
336,351,m,56,14,2.0,Yes,1700.0,14.2,238.0,22.0,14.0,3.5,0.407,1.253,-0.445,True
337,352,f,61,14,2.0,Yes,1103.0,19.2,111.0,16.0,14.894573643410853,5.5,-0.28,1.089,-1.218,False
338,353,f,68,19,2.0,No,1017.0,16.7,250.0,19.0,20.0,4.5,1.027,0.037,0.555,False
339,354,m,80,10,2.0,Yes,1022.0,27.5,126.0,17.0,14.894573643410853,3.5,0.931,0.462,0.417,False
340,355,f,67,16,1.0,No,1055.0,33.2,179.0,14.995756718528996,14.894573643410853,10.5,1.911,1.795,0.674,False
342,357,f,63,14,0.0,Yes,1522.0,14.1,313.0,14.0,16.0,13.5,-2.034,-0.172,-0.153,False
343,358,m,69,20,0.0,Yes,1129.0,11.3,80.0,19.0,11.0,5.5,-2.033,-0.759,-0.319,False
344,359,f,78,19,0.0,Yes,928.0,33.2,331.0,20.0,15.0,6.5,-1.476,-1.147,-0.301,False
346,361,m,70,17,2.0,No,1461.0,17.1,326.0,12.0,13.0,11.5,0.737,-1.619,-0.139,False
347,362,f,87,20,2.0,Yes,890.0,38.4,175.0,9.0,15.0,0.0,-1.493,0.465,0.67,False
348,363,m,87,11,0.0,Yes,881.0,27.4,126.0,17.0,10.0,8.5,-1.167,-1.534,0.275,False
350,366,m,53,12,1.0,No,1580.0,19.2,125.0,14.0,20.0,3.5,-0.702,0.41,1.593,True
351,367,m,75,19,1.0,Yes,717.0,20.7,248.0,14.0,19.0,6.5,0.743,-0.276,-0.787,False
352,368,m,75,16,2.0,Yes,689.0,18.6,299.0,16.0,13.0,6.5,-1.17,1.098,1.919,False
353,369,f,52,19,2.0,Yes,1103.0,20.3,80.0,16.0,19.0,0.5,0.066,0.71,-0.733,False
355,371,m,78,17,1.0,Yes,1340.0,10.9,199.0,14.995756718528996,15.0,2.5,-0.132,0.393,0.954,False
357,373,m,53,20,0.0,Yes,1358.0,12.3,300.0,14.995756718528996,13.0,0.0,-0.901,-0.883,0.612,True
358,374,m,89,18,2.0,Yes,1306.0,31.8,279.0,21.0,11.0,4.5,0.742,0.761,1.293,False
359,376,f,61,13,0.0,Yes,1451.0,8.0,211.0,17.0,13.0,4.5,-1.779,0.885,0.148,False
360,377,m,79,15,0.0,Yes,270.0,8.8,80.0,18.0,14.894573643410853,15.5,0.66,-0.953,1.232,False
361,378,m,59,11,0.0,Yes,1563.0,26.0,230.0,17.0,9.0,0.5,-0.525,0.648,1.684,True
362,379,m,73,16,1.0,Yes,1387.0,33.0,218.0,17.0,17.0,0.0,-0.419,1.214,-0.073,True
363,380,f,60,19,0.0,No,997.0,13.4,218.0,14.995756718528996,15.0,0.5,-0.43,-1.223,0.703,True
364,381,un,56,11,1.0,No,1641.0,14.5,208.0,18.0,15.0,10.5,-1.775,1.263,0.247,False
365,382,f,84,14,2.0,Yes,1215.0,16.7,256.0,14.995756718528996,16.0,17.5,0.209,-0.973,-0.22,False
366,383,f,71,20,0.0,Yes,1700.0,31.9,80.0,14.995756718528996,16.0,6.5,-0.781,0.216,0.91,False
367,384,un,57,10,0.0,Yes,1488.0,35.2,291.0,14.0,14.894573643410853,0.0,0.136,0.81,-0.333,True
368,385,m,74,17,0.0,No,1587.0,26.4,102.0,17.0,11.0,13.5,-0.1,0.022,-0.443,False
369,386,m,56,17,1.0,Yes,1188.0,13.8,177.0,18.0,14.894573643410853,5.5,1.007,-1.06,0.941,False
371,388,f,84,20,2.0,Yes,1169.0,32.6,90.0,16.0,16.0,4.5,0.243,1.185,1.522,False
372,389,m,72,15,1.0,No,1192.0,22.2,142.0,13.0,18.0,0.0,-0.671,0.576,-0.192,False
373,390,u,50,15,2.0,No,1252.0,12.4,80.0,10.0,14.0,1.5,0.673,0.22,0.544,True
375,392,f,84,12,2.0,Yes,1463.0,28.7,292.0,14.0,12.0,0.0,0.298,1.062,-0.209,False
376,393,m,83,18,0.0,No,1549.0,16.7,195.0,16.0,13.0,1.5,0.444,0.159,0.956,False
377,394,f,65,11,1.0,Yes,384.0,25.2,199.0,12.0,14.894573643410853,12.5,-1.291,-0.173,0.367,False
379,396,un,56,14,0.0,Yes,1256.0,9.0,261.0,17.0,16.0,12.5,-0.006,0.611,-0.713,False
380,397,f,76,13,1.0,Yes,442.0,32.7,169.0,11.0,15.0,16.5,-0.817,0.116,0.968,False
381,398,m,53,16,0.0,Yes,743.0,28.3,141.0,15.0,11.0,14.5,0.261,-0.706,-1.569,False
384,401,m,86,14,2.0,Yes,1444.0,14.8,272.0,19.0,16.0,1.5,0.99,-0.456,-0.831,False
385,402,f,53,10,0.0,Yes,1003.0,19.4,211.0,16.0,18.0,6.5,-1.193,0.77,0.581,False
386,403,f,55,20,1.0,Yes,1333.0,24.4,272.0,20.0,13.0,14.5,-0.355,0.087,-1.471,False
387,404,f,63,20,0.0,Yes,1628.0,17.6,270.0,18.0,15.0,9.5,1.144,1.094,-1.299,False
388,405,f,63,16,2.0,Yes,1665.0,10.7,80.0,15.0,9.0,13.5,0.093,-0.029,-0.415,False
389,406,f,56,15,1.0,Yes,1594.0,23.5,285.0,14.995756718528996,14.0,2.5,-0.318,1.373,0.933,True
391,408,f,73,20,0.0,Yes,1170.0,12.6,290.0,19.0,12.0,0.0,-0.584,0.519,0.53,False
393,410,m,63,15,0.0,No,634.0,21.2,339.0,12.0,16.0,2.5,0.518,-0.511,-0.563,False
394,411,u,62,14,1.0,Yes,1138.0,16.1,249.0,14.0,15.0,0.0,2.006,0.643,-0.407,True
395,412,m,76,19,0.0,Yes,977.0,23.1,268.0,15.0,17.0,6.5,3.037,0.463,-0.225,False
396,413,m,54,20,0.0,Yes,1188.0,17.0,184.0,14.0,15.0,7.5,-0.056,-2.052,0.14,False
397,414,m,56,17,2.0,Yes,1389.0,17.9,250.0,14.0,13.0,14.5,0.279,3.026,-0.061,False
398,415,m,90,14,0.0,Yes,1438.0,16.9,105.0,15.0,8.0,13.5,-0.898,0.555,0.14,False
399,416,f,76,12,1.0,Yes,672.0,16.6,89.0,16.0,16.0,7.5,-0.697,-0.491,2.094,False
402,419,m,71,18,1.0,Yes,1272.0,27.2,111.0,16.0,13.0,0.0,-1.114,0.067,0.663,False
403,420,f,53,10,2.0,Yes,1700.0,8.0,180.0,14.0,14.0,0.5,-0.828,0.712,0.989,True
404,421,m,69,13,0.0,Yes,905.0,24.0,237.0,16.0,18.0,12.5,2.202,0.354,-1.336,False
405,422,m,67,13,0.0,Yes,1258.0,8.0,245.0,24.0,11.0,0.0,-1.622,1.639,-1.292,True
407,424,f,76,16,1.0,Yes,801.0,12.1,215.0,12.0,18.0,2.5,-0.065,1.481,-0.093,True
408,425,f,90,18,0.0,Yes,1108.0,10.7,231.0,17.0,15.0,0.0,0.451,-0.857,1.86,True
409,426,m,51,14,0.0,No,1055.0,13.0,149.0,17.0,14.0,10.5,-0.229,1.294,0.957,False
410,427,f,78,15,2.0,Yes,349.0,14.6,321.0,16.0,15.0,14.5,-0.634,0.077,0.3,False
411,428,m,72,12,0.0,No,785.0,16.7,301.0,14.0,14.0,7.5,0.444,1.977,-1.837,False
412,429,f,75,12,0.0,Yes,521.0,8.0,169.0,14.995756718528996,15.0,5.5,1.289,-1.303,-1.232,False
413,430,m,77,13,1.0,Yes,501.0,10.7,278.0,14.0,17.0,15.5,1.708,-0.342,-0.512,False
414,431,un,86,16,0.0,Yes,995.0,12.4,263.0,16.0,21.0,3.5,-0.349,-1.098,-0.459,True
416,433,f,82,20,1.0,Yes,1700.0,32.5,295.0,15.0,16.0,15.5,-1.229,0.321,-0.512,False
418,435,f,57,11,2.0,Yes,1227.0,30.4,158.0,14.0,14.0,1.5,0.618,-0.627,-1.142,False
420,437,un,79,10,2.0,Yes,270.0,30.4,288.0,12.0,12.0,5.5,-0.334,-0.077,0.467,False
421,438,m,72,19,1.0,No,1333.0,11.2,181.0,9.0,14.0,7.5,0.112,0.5,-1.132,False
422,440,f,63,18,1.0,Yes,915.0,42.1,198.0,12.0,14.894573643410853,8.5,0.979,-1.094,-0.904,False
423,441,m,70,17,0.0,Yes,1341.0,21.2,280.0,12.0,20.0,0.5,0.909,0.15,0.737,False
425,443,m,78,15,2.0,Yes,1204.0,14.8,231.0,14.0,14.894573643410853,3.5,0.364,0.632,-1.013,True
426,444,m,72,12,0.0,Yes,842.0,41.0,132.0,12.0,14.894573643410853,2.5,0.46,-1.05,1.104,True
427,445,f,90,12,0.0,Yes,1676.0,28.4,378.0,11.0,15.0,0.0,0.898,1.084,-1.469,True
429,447,m,82,19,0.0,Yes,981.0,25.1,215.0,18.0,13.0,9.5,0.556,1.785,-0.885,False
430,448,m,79,14,1.0,Yes,643.0,20.8,154.0,13.0,13.0,2.5,-0.271,-0.145,0.108,True
431,449,m,72,19,0.0,Yes,1328.0,11.9,80.0,16.0,15.0,1.5,0.698,-0.941,-0.046,True
432,450,un,84,20,1.0,Yes,490.0,18.6,169.0,14.0,14.0,6.5,-0.232,-0.795,0.028,False
433,451,m,50,13,1.0,Yes,1490.0,18.5,155.0,13.0,14.0,0.0,1.144,0.364,1.659,False
434,452,u,63,14,0.0,Yes,1658.0,36.7,434.0,13.0,14.0,11.5,-0.017,-2.182,1.414,False
435,453,m,50,14,1.0,Yes,1618.0,26.4,166.0,12.0,16.0,0.0,-1.855,-0.717,1.862,True
437,455,f,61,13,0.0,Yes,1576.0,30.8,156.0,10.0,8.0,11.5,1.278,-0.458,-0.741,False
438,456,m,77,13,2.0,No,717.0,13.3,156.0,20.0,14.0,4.5,0.016,0.67,2.995,False
439,457,m,86,16,1.0,Yes,922.0,20.6,98.0,11.0,15.0,0.5,-0.35,-1.184,-0.045,False
442,460,f,85,18,1.0,No,1130.0,8.0,108.0,13.0,12.0,14.5,0.056,-1.143,-1.297,False
444,462,u,60,19,2.0,No,882.0,22.2,80.0,14.995756718528996,14.0,2.5,-0.629,-0.772,0.424,False
445,463,m,81,11,2.0,Yes,943.0,8.7,304.0,14.0,17.0,10.5,1.53,0.731,-0.323,False
446,464,f,71,12,2.0,Yes,1276.0,18.8,297.0,11.0,17.0,9.5,-0.842,0.787,1.457,False
447,465,m,59,18,0.0,No,769.0,8.0,373.0,14.995756718528996,17.0,17.5,1.213,-0.825,0.717,False
449,467,f,70,15,1.0,No,1400.0,8.0,219.0,11.0,17.0,0.0,1.284,1.242,1.069,False
450,468,m,57,10,1.0,Yes,1065.0,12.9,80.0,16.0,14.894573643410853,11.5,-1.159,0.047,1.523,False
451,469,f,88,16,1.0,No,1605.0,31.8,82.0,12.0,11.0,8.5,-0.865,-0.102,1.317,False
453,471,f,84,17,2.0,Yes,1522.0,18.3,198.0,14.995756718528996,13.0,8.5,-0.72,0.578,0.037,False
454,472,m,83,20,0.0,No,302.0,8.0,351.0,14.0,13.0,0.5,2.803,1.502,0.046,True
455,473,f,72,19,2.0,Yes,976.0,17.6,209.0,11.0,14.0,5.5,-0.364,0.037,1.855,False
456,474,f,84,11,0.0,Yes,1133.0,12.8,221.0,14.0,18.0,14.5,0.403,-1.551,0.118,False
457,475,f,80,11,0.0,Yes,1700.0,8.0,136.0,16.0,15.0,0.0,-1.342,0.084,-0.172,True
458,476,f,84,12,0.0,Yes,1287.0,31.9,161.0,12.0,13.0,7.5,0.102,-0.829,-0.16,False
459,477,m,67,16,0.0,Yes,1428.0,21.5,153.0,19.0,16.0,17.5,0.839,0.81,2.402,False
460,478,f,54,10,0.0,No,847.0,12.4,147.0,13.0,12.0,5.5,-2.046,-0.235,0.468,False
462,480,m,65,16,2.0,Yes,1575.0,29.9,85.0,15.0,11.0,9.5,-0.678,1.093,0.309,False
463,481,un,63,16,1.0,Yes,1700.0,8.0,332.0,12.0,12.0,6.5,0.129,0.274,0.062,False
464,482,m,84,11,2.0,Yes,981.0,24.4,200.0,14.0,14.894573643410853,2.5,0.295,-2.991,0.102,True
465,483,f,77,20,0.0,Yes,820.0,23.4,143.0,14.0,10.0,0.0,-1.82,0.45,-0.986,True
466,485,f,74,18,0.0,No,1115.0,10.1,211.0,15.0,14.0,7.5,-0.352,-1.012,0.242,False
467,486,m,64,16,1.0,Yes,882.0,8.0,197.0,17.0,14.894573643410853,0.0,0.123,-0.821,0.575,True
468,487,m,63,18,2.0,Yes,1140.0,17.5,205.0,18.0,18.0,17.5,0.324,-2.019,0.625,False
469,488,m,59,14,1.0,Yes,1061.0,30.6,260.0,12.0,20.0,8.5,1.466,0.039,-0.277,False
470,489,m,52,10,1.0,Yes,1622.0,24.7,230.0,14.995756718528996,13.0,10.5,-1.786,-0.063,0.492,False
471,490,f,68,19,0.0,Yes,1314.0,30.6,243.0,15.0,18.0,17.5,0.931,-0.416,-0.416,False
472,491,f,87,20,0.0,No,1503.0,9.4,147.0,14.0,14.0,1.5,0.621,-0.902,-1.181,True
474,493,f,80,12,1.0,No,1050.0,8.0,324.0,18.0,13.0,9.5,-0.015,-0.545,-0.755,False
475,494,f,85,20,1.0,Yes,1359.0,8.0,210.0,12.0,15.0,7.5,0.281,0.312,-0.925,False
476,495,f,82,15,1.0,No,655.0,8.8,209.0,12.0,19.0,6.5,2.051,0.198,-0.066,False
477,497,f,88,18,0.0,Yes,1283.0,20.9,221.0,18.0,15.0,1.5,-0.162,0.954,-0.162,True
479,499,m,72,11,1.0,No,1483.0,35.7,80.0,14.0,15.0,16.5,-0.72,-0.248,0.149,False
481,501,f,69,20,1.0,No,1454.0,25.1,196.0,10.0,17.0,5.5,0.24,-0.956,0.698,False
482,502,m,50,12,2.0,Yes,1700.0,26.1,80.0,19.0,13.0,3.5,1.201,0.911,-0.132,True
483,503,un,61,11,0.0,Yes,957.0,29.4,80.0,15.0,11.0,8.5,-0.276,-0.522,0.324,False
485,505,m,80,19,0.0,Yes,1700.0,8.0,166.0,20.0,16.0,4.5,-0.01,0.048,0.394,False
486,506,m,53,14,0.0,No,1700.0,10.9,151.0,17.0,15.0,9.5,-2.323,1.325,-0.917,False
487,507,f,56,10,0.0,Yes,908.0,13.5,162.0,14.0,19.0,6.5,-1.362,0.364,-0.518,False
488,509,un,64,14,1.0,Yes,819.0,14.3,317.0,14.0,15.0,13.5,0.456,0.471,-0.138,False
489,510,f,57,11,2.0,Yes,1081.0,30.6,111.0,16.0,10.0,7.5,1.248,0.324,0.333,False
491,512,m,86,13,0.0,Yes,1116.0,18.8,180.0,13.0,10.0,17.5,-0.943,-0.789,-0.546,False
492,513,un,64,13,2.0,Yes,901.0,8.0,271.0,12.0,14.894573643410853,5.5,-1.554,0.317,0.3,False
493,514,m,68,12,2.0,Yes,1694.0,12.6,296.0,13.0,16.0,16.5,-0.079,-0.323,0.684,False
494,515,m,67,16,2.0,Yes,800.0,23.7,98.0,12.0,16.0,17.5,-1.939,0.572,-0.259,False
495,516,f,54,17,1.0,Yes,1700.0,17.3,352.0,19.0,10.0,1.5,-0.256,-0.054,0.74,False
496,517,m,77,12,1.0,Yes,850.0,10.0,269.0,19.0,14.0,0.0,-0.093,-0.07,-1.146,True
497,518,m,57,11,0.0,Yes,518.0,8.0,404.0,13.0,14.894573643410853,7.5,-0.038,-0.327,1.084,False
498,519,un,82,10,1.0,Yes,1134.0,14.6,177.0,15.0,14.0,0.0,0.403,0.441,0.648,False
499,520,m,74,19,2.0,Yes,1551.0,15.0,80.0,18.0,18.0,2.5,-0.487,1.017,0.148,True
501,522,m,79,17,2.0,No,469.0,8.0,210.0,13.0,13.0,17.5,1.02,-2.648,-0.697,False
502,523,f,60,15,0.0,Yes,1618.0,8.0,268.0,15.0,7.0,0.0,-0.927,-0.72,0.907,True
503,525,f,63,11,1.0,Yes,1168.0,20.0,310.0,15.0,16.0,0.5,-1.433,0.356,-1.701,True
504,526,m,59,13,1.0,Yes,1090.0,22.7,190.0,15.0,14.0,13.5,0.176,-1.07,0.51,False
505,527,f,58,10,0.0,Yes,592.0,32.4,238.0,16.0,14.894573643410853,4.5,0.179,-1.319,-0.807,False
506,528,m,54,17,0.0,No,1288.0,30.6,137.0,12.0,13.0,11.5,0.051,-2.155,1.744,False
508,530,f,84,18,1.0,Yes,824.0,31.3,313.0,15.0,12.0,2.5,0.969,0.193,-0.819,True
509,531,m,82,10,0.0,Yes,794.0,32.4,220.0,14.995756718528996,15.0,4.5,0.61,-1.683,1.74,False
510,532,f,50,19,1.0,Yes,1248.0,13.4,80.0,14.995756718528996,16.0,11.5,1.056,-0.846,0.203,False
511,533,m,90,17,2.0,No,1020.0,13.5,151.0,16.0,14.0,0.5,-1.42,-2.035,0.666,True
512,534,m,75,19,0.0,No,1251.0,16.0,261.0,16.0,13.0,13.5,-1.414,1.249,-0.884,False
513,535,m,77,13,2.0,Yes,1700.0,24.6,150.0,13.0,13.0,6.5,0.577,0.298,1.32,False
514,536,f,88,11,0.0,Yes,1026.0,8.0,302.0,14.0,15.0,3.5,-1.01,1.827,0.031,True
516,538,m,61,10,2.0,Yes,1108.0,8.0,96.0,14.995756718528996,16.0,11.5,0.917,1.183,-2.39,False
519,541,f,59,14,0.0,Yes,1543.0,14.3,80.0,16.0,11.0,5.5,0.926,0.989,0.325,False
522,544,f,71,10,0.0,No,744.0,14.1,223.0,18.0,17.0,0.0,1.356,-1.424,-0.906,True
524,546,un,88,12,1.0,Yes,1700.0,19.9,225.0,18.0,16.0,12.5,0.403,0.273,0.805,False
526,548,f,83,11,0.0,Yes,1161.0,33.8,220.0,12.0,13.0,3.5,-1.487,2.239,-0.347,True
527,549,m,68,10,0.0,Yes,1005.0,8.1,265.0,16.0,15.0,0.0,2.148,-0.991,-0.558,False
528,550,m,71,15,0.0,Yes,1580.0,23.2,221.0,8.0,12.0,0.0,-0.452,-1.439,1.829,True
529,551,m,64,10,0.0,Yes,975.0,8.6,181.0,15.0,16.0,14.5,0.141,-1.287,0.759,False
531,553,f,61,15,0.0,Yes,779.0,13.8,145.0,14.995756718528996,9.0,8.5,0.696,-0.505,-1.41,False
533,555,u,58,15,0.0,Yes,1004.0,31.4,80.0,14.0,11.0,12.5,1.364,-1.353,-0.002,False
534,556,f,83,17,1.0,Yes,949.0,18.5,80.0,20.0,18.0,5.5,0.773,-0.957,0.491,False
535,557,f,70,12,1.0,No,848.0,10.7,252.0,17.0,19.0,16.5,-1.432,-0.01,-0.404,False
536,558,u,74,19,0.0,Yes,857.0,25.7,140.0,16.0,21.0,16.5,0.486,-1.363,-0.056,False
537,559,m,75,11,1.0,Yes,1129.0,8.0,215.0,15.0,12.0,8.5,0.056,0.921,0.499,False
538,560,un,89,12,0.0,No,1101.0,31.7,250.0,15.0,14.0,0.5,-0.218,-0.052,1.612,True
539,561,un,50,12,1.0,Yes,363.0,16.5,182.0,14.995756718528996,17.0,4.5,-1.306,0.566,1.09,False
540,562,m,64,13,1.0,Yes,1564.0,21.6,343.0,15.0,17.0,16.5,0.609,0.606,-1.372,False
541,563,f,74,18,1.0,No,1229.0,17.4,226.0,9.0,15.0,0.0,1.207,-0.95,0.275,True
542,564,f,55,17,0.0,Yes,1128.0,8.0,300.0,10.0,12.0,15.5,-0.412,-1.029,-0.886,False
544,566,m,62,19,0.0,Yes,1322.0,36.9,80.0,14.0,14.894573643410853,11.5,1.26,0.515,-1.111,False
545,567,m,54,18,0.0,Yes,1217.0,16.1,80.0,22.0,15.0,10.5,0.186,-0.759,-0.593,False
546,568,m,81,11,1.0,No,1581.0,32.7,177.0,11.0,14.894573643410853,17.5,1.342,0.467,0.218,False
547,569,f,75,19,0.0,No,1700.0,37.4,254.0,13.0,13.0,14.5,-0.109,0.48,0.065,False
550,572,m,78,11,0.0,Yes,891.0,27.4,194.0,13.0,19.0,7.5,-1.852,2.222,1.44,False
551,573,un,90,20,0.0,Yes,1129.0,8.8,113.0,17.0,16.0,14.5,-0.309,0.331,-1.017,False
552,574,u,69,18,0.0,No,1700.0,17.2,232.0,12.0,18.0,0.0,1.18,0.255,-1.446,False
553,575,m,88,12,2.0,Yes,1224.0,33.4,296.0,17.0,17.0,1.5,1.505,0.342,1.951,True
554,576,f,60,13,0.0,No,1048.0,20.9,192.0,17.0,12.0,8.5,0.927,-0.841,0.18,False
555,577,m,73,18,0.0,No,1523.0,38.7,88.0,15.0,18.0,17.5,-0.359,0.205,1.127,False
557,579,m,90,13,0.0,Yes,1165.0,25.1,175.0,15.0,17.0,8.5,-0.309,1.675,-0.886,False
558,580,m,68,16,2.0,Yes,1061.0,17.8,86.0,11.0,15.0,1.5,-0.934,-0.981,-0.584,False
559,581,m,73,16,1.0,Yes,1576.0,19.9,80.0,16.0,18.0,4.5,-0.612,-0.052,0.701,False
560,582,m,90,15,1.0,Yes,1406.0,8.0,170.0,17.0,18.0,1.5,-0.134,-0.185,-0.633,True
561,583,f,76,16,0.0,Yes,1343.0,22.1,87.0,11.0,12.0,0.0,-0.704,-0.694,-1.82,False
563,585,un,81,10,2.0,Yes,1397.0,20.3,163.0,14.0,8.0,14.5,-0.711,-1.613,1.464,False
564,586,m,78,19,2.0,No,1079.0,24.3,196.0,12.0,23.0,7.5,-1.349,-0.407,1.505,False
565,587,f,67,19,0.0,Yes,1099.0,27.8,119.0,14.995756718528996,11.0,11.5,1.115,-0.395,0.491,False
566,588,f,72,16,0.0,Yes,853.0,13.3,252.0,19.0,16.0,11.5,-1.417,1.685,2.261,False
568,590,f,56,11,0.0,Yes,1418.0,14.1,141.0,13.0,14.894573643410853,3.5,-1.726,-0.557,-0.315,True
569,591,un,59,15,0.0,No,1293.0,27.0,123.0,6.0,15.0,0.0,-0.338,1.497,0.957,True
570,592,f,55,20,2.0,Yes,1149.0,19.5,80.0,18.0,14.894573643410853,0.0,-0.518,0.558,0.467,False
571,593,un,71,14,1.0,Yes,998.0,28.9,137.0,16.0,16.0,12.5,0.207,-2.648,0.742,False
572,594,f,52,18,0.0,Yes,1101.0,31.6,80.0,14.0,14.0,0.0,1.393,0.652,-0.513,False
573,595,f,58,17,0.0,Yes,1252.0,8.3,263.0,16.0,11.0,0.0,1.694,-0.732,2.818,False
575,597,f,57,14,0.0,Yes,894.0,17.2,209.0,15.0,14.0,9.5,0.04,-1.146,-0.985,False
576,598,m,58,12,2.0,Yes,270.0,30.6,80.0,17.0,16.0,0.0,1.265,-0.055,-0.944,True
577,599,m,56,20,0.0,Yes,270.0,8.0,80.0,14.995756718528996,14.894573643410853,12.5,0.135,-0.064,-0.204,False
578,600,f,81,10,1.0,Yes,270.0,25.0,177.0,16.0,16.0,1.5,0.765,-0.437,-0.475,True
579,601,m,54,19,0.0,No,1700.0,8.0,250.0,14.995756718528996,16.0,1.5,-0.023,1.617,0.159,True
580,602,m,56,14,2.0,Yes,1213.0,15.5,253.0,19.0,11.0,4.5,-0.485,1.483,-0.835,False
581,603,f,62,18,1.0,No,925.0,38.7,96.0,21.0,15.0,0.0,-0.304,0.251,0.802,True
582,604,m,74,15,2.0,No,840.0,12.3,224.0,14.0,17.0,1.5,-0.137,-1.559,0.992,True
583,605,m,67,20,0.0,Yes,889.0,14.2,239.0,12.0,15.0,0.0,0.117,-0.095,-2.063,False
584,606,m,60,11,2.0,Yes,270.0,50.1,236.0,15.0,17.0,4.5,0.802,1.161,0.879,False
585,607,f,74,16,1.0,Yes,1238.0,8.0,134.0,16.0,16.0,3.5,-0.47,-0.076,1.554,False
586,608,m,65,17,0.0,Yes,1502.0,18.1,88.0,18.0,12.0,12.5,0.272,0.686,-0.378,False
587,609,m,84,13,2.0,Yes,997.0,18.8,308.0,11.0,16.0,17.5,0.284,0.313,-0.779,False
588,610,u,50,16,1.0,Yes,1318.0,8.1,117.0,14.0,11.0,0.0,-0.246,-0.232,-0.267,False
589,611,f,71,13,2.0,Yes,1160.0,27.8,164.0,16.0,15.0,3.5,0.658,0.202,-1.272,True
590,612,m,74,14,1.0,Yes,1506.0,17.7,286.0,14.995756718528996,17.0,1.5,0.467,-2.176,-1.413,True
591,613,m,90,17,1.0,Yes,1592.0,35.1,116.0,19.0,18.0,8.5,0.75,0.69,0.367,False
592,614,m,85,20,0.0,Yes,739.0,23.9,231.0,12.0,17.0,0.0,-0.845,1.308,0.309,True
593,616,m,79,16,2.0,Yes,408.0,10.2,362.0,14.995756718528996,19.0,9.5,-0.536,-0.186,0.584,False
594,617,m,80,12,0.0,Yes,828.0,21.8,188.0,15.0,14.894573643410853,0.0,-0.509,0.523,1.053,False
596,619,f,52,16,1.0,Yes,1184.0,19.4,188.0,14.995756718528996,16.0,1.5,-0.342,0.593,-0.152,True
597,620,m,56,16,0.0,Yes,1012.0,31.2,143.0,17.0,19.0,9.5,-0.78,1.531,0.373,False
598,621,m,69,12,0.0,Yes,1093.0,8.0,158.0,20.0,14.0,1.5,1.409,0.895,0.738,True
599,622,m,85,10,1.0,Yes,1025.0,21.8,103.0,16.0,10.0,15.5,1.4,1.3,-0.585,False
600,623,f,58,12,1.0,Yes,1191.0,8.0,395.0,14.995756718528996,11.0,11.5,0.596,0.681,0.035,False
601,624,m,53,18,0.0,Yes,1700.0,25.7,338.0,16.0,16.0,12.5,1.334,0.874,0.215,False
602,625,f,65,10,1.0,Yes,1242.0,38.3,225.0,14.995756718528996,19.0,0.0,0.665,1.313,1.073,True
603,626,f,80,11,0.0,Yes,1127.0,22.9,125.0,18.0,13.0,11.5,0.861,-0.128,0.985,False
604,627,f,77,18,0.0,No,1700.0,8.0,298.0,14.0,20.0,10.5,-0.522,-1.484,-0.132,False
605,628,m,88,20,0.0,No,596.0,8.0,148.0,14.995756718528996,14.0,9.5,1.112,0.402,-1.429,False
606,629,m,57,15,0.0,Yes,1295.0,18.1,267.0,18.0,14.894573643410853,16.5,-0.787,-0.576,0.24,False
607,630,m,54,11,0.0,Yes,1067.0,27.2,110.0,16.0,16.0,15.5,-2.02,1.579,-0.104,False
608,631,f,70,18,1.0,Yes,1570.0,36.3,172.0,14.0,14.0,0.0,-0.555,-1.488,-1.586,True
609,632,f,77,17,0.0,No,1425.0,8.0,292.0,12.0,14.894573643410853,0.5,-0.097,-0.066,0.052,True
610,633,m,63,11,1.0,Yes,1287.0,16.9,218.0,16.0,14.0,10.5,0.653,0.589,0.262,False
612,635,m,88,13,2.0,Yes,1700.0,11.9,163.0,16.0,14.0,3.5,-0.757,0.461,-1.035,True
613,636,f,62,19,2.0,No,1017.0,10.6,150.0,14.0,12.0,6.5,-0.864,0.036,-0.887,False
614,637,m,64,11,1.0,Yes,1478.0,13.9,317.0,10.0,15.0,14.5,0.289,-0.179,-0.042,False
615,638,f,87,10,2.0,Yes,646.0,27.3,156.0,14.995756718528996,11.0,2.5,0.667,-0.771,-0.935,True
617,640,f,63,19,1.0,Yes,654.0,36.1,113.0,17.0,13.0,5.5,-0.411,0.917,0.815,False
618,641,m,66,20,1.0,Yes,1700.0,24.6,113.0,17.0,16.0,6.5,-0.508,-0.881,-1.397,False
619,642,m,76,16,0.0,Yes,650.0,20.9,80.0,15.0,17.0,3.5,-0.136,-0.254,-0.244,False
620,643,f,69,10,0.0,Yes,1180.0,8.0,145.0,15.0,14.894573643410853,0.0,-0.603,-2.033,-0.497,True
621,644,m,64,20,0.0,Yes,1700.0,25.0,196.0,16.0,13.0,3.5,-0.691,0.893,0.59,False
622,645,m,60,11,0.0,Yes,1192.0,19.4,139.0,14.0,14.0,4.5,-0.122,0.31,-0.014,False
623,646,f,70,19,0.0,No,1194.0,8.0,249.0,11.0,14.0,0.0,-0.193,-0.511,0.912,False
624,647,f,79,15,1.0,Yes,1396.0,27.4,233.0,17.0,14.894573643410853,11.5,0.248,0.141,0.152,False
625,648,f,55,12,1.0,No,1541.0,30.7,278.0,12.0,16.0,10.5,0.402,1.001,0.882,False
626,649,m,77,20,0.0,Yes,1700.0,28.0,149.0,12.0,16.0,0.0,3.944,-0.473,-0.977,False
627,650,f,59,15,2.0,No,1208.0,8.0,225.0,18.0,14.894573643410853,1.5,1.733,-0.283,0.688,False
628,651,f,84,17,1.0,Yes,1092.0,23.1,286.0,16.0,19.0,13.5,1.542,0.12,0.23,False
629,652,f,60,11,0.0,Yes,986.0,23.2,184.0,14.0,14.0,3.5,0.357,1.184,0.137,True
630,653,f,69,20,0.0,Yes,1435.0,8.0,175.0,11.0,13.0,1.5,-0.923,-1.019,0.992,True
631,654,m,63,14,1.0,Yes,961.0,18.6,252.0,16.0,14.894573643410853,0.5,0.447,0.799,0.216,False
632,655,f,80,13,2.0,No,980.0,9.3,80.0,13.0,15.0,16.5,1.791,-1.107,-0.101,False
633,656,f,54,13,2.0,Yes,781.0,19.8,189.0,18.0,15.0,0.0,-0.445,0.143,1.553,True
634,657,u,87,10,1.0,No,1276.0,29.7,221.0,15.0,14.0,3.5,1.373,-2.317,0.288,False
635,658,m,81,15,0.0,No,839.0,31.0,102.0,13.0,15.0,16.5,-1.984,-0.146,1.331,False
636,659,m,75,20,1.0,Yes,1026.0,18.7,130.0,18.0,17.0,0.5,1.739,-0.67,-1.691,True
638,661,f,58,17,0.0,Yes,1097.0,17.4,220.0,14.0,14.0,15.5,0.132,0.024,3.494,False
640,663,m,50,14,0.0,Yes,1576.0,17.6,120.0,12.0,13.0,0.0,-0.025,1.458,-0.581,True
641,664,f,51,11,2.0,Yes,1328.0,26.2,80.0,20.0,16.0,10.5,0.362,1.364,0.151,False
642,665,m,62,11,2.0,No,1087.0,27.9,247.0,12.0,15.0,14.5,0.269,0.396,0.622,False
644,667,m,73,10,1.0,Yes,1430.0,9.5,176.0,17.0,17.0,12.5,0.373,-0.471,1.299,False
645,668,f,72,10,2.0,Yes,1433.0,17.9,136.0,12.0,18.0,0.0,0.005,-0.095,-0.814,False
646,669,m,57,15,2.0,Yes,1080.0,24.1,196.0,14.995756718528996,15.0,3.5,0.595,-1.485,-2.014,True
647,670,m,79,17,2.0,Yes,1689.0,22.5,104.0,18.0,14.0,0.0,-1.399,-0.595,0.637,True
648,671,f,59,14,2.0,Yes,1505.0,31.0,149.0,16.0,14.0,0.0,-0.405,0.267,0.184,False
651,674,m,68,20,1.0,Yes,752.0,26.7,189.0,14.995756718528996,12.0,8.5,-0.085,0.484,0.605,False
654,677,f,65,15,0.0,No,730.0,37.9,374.0,14.0,19.0,8.5,-1.061,-0.215,0.794,False
655,678,u,66,11,0.0,No,633.0,28.5,132.0,15.0,18.0,11.5,-1.544,-0.274,1.046,False
656,679,m,73,16,1.0,No,967.0,8.0,324.0,17.0,22.0,0.0,0.152,2.172,1.327,False
657,680,f,77,14,1.0,Yes,1028.0,9.5,80.0,14.995756718528996,16.0,12.5,-0.574,-1.966,-0.252,False
658,681,m,53,11,1.0,Yes,1553.0,15.7,223.0,9.0,17.0,10.5,0.99,0.537,0.407,False
659,682,m,59,16,2.0,No,1246.0,8.0,157.0,14.0,17.0,16.5,-0.248,-2.388,-0.403,False
660,683,f,58,14,0.0,No,1096.0,21.1,144.0,16.0,16.0,0.0,-0.575,0.775,0.885,True
661,684,m,62,17,0.0,No,1278.0,35.2,93.0,14.0,15.0,13.5,-0.036,0.532,-0.835,False
662,685,m,57,12,1.0,Yes,908.0,49.4,199.0,11.0,14.0,5.5,0.21,0.687,-0.674,False
663,686,un,57,18,0.0,Yes,713.0,8.0,251.0,14.995756718528996,15.0,16.5,-0.394,1.479,0.879,False
664,687,m,63,15,0.0,No,1075.0,16.3,223.0,15.0,16.0,1.5,-0.674,0.339,-1.872,True
665,688,un,65,10,0.0,No,1700.0,8.0,270.0,16.0,13.0,15.5,1.185,0.559,-0.124,False
667,690,m,65,17,1.0,Yes,1043.0,10.4,271.0,14.995756718528996,14.0,1.5,-1.203,-0.493,-1.35,True
668,691,m,85,10,2.0,Yes,1700.0,15.2,204.0,12.0,13.0,16.5,-0.674,0.715,3.197,False
669,692,m,79,14,2.0,Yes,1646.0,16.5,292.0,17.0,14.0,12.5,-0.077,-0.392,-1.071,False
670,693,f,70,10,2.0,Yes,412.0,10.1,190.0,17.0,19.0,15.5,-0.447,1.293,1.385,False
671,694,un,80,19,0.0,Yes,1560.0,29.4,296.0,11.0,14.0,16.5,-0.538,0.299,1.567,False
674,697,f,54,16,0.0,Yes,1160.0,11.8,294.0,14.0,14.0,4.5,2.091,1.393,-0.842,False
675,698,f,61,10,0.0,Yes,1417.0,30.3,199.0,14.0,13.0,1.5,0.663,-0.067,0.294,False
676,699,m,85,16,0.0,Yes,782.0,24.8,302.0,18.0,17.0,11.5,0.108,0.171,0.1,False
678,701,f,77,11,0.0,No,1700.0,26.3,249.0,13.0,13.0,1.5,-2.765,1.767,2.145,False
679,702,u,62,12,1.0,Yes,991.0,8.0,80.0,14.995756718528996,16.0,2.5,0.942,-0.116,-1.664,True
680,703,f,51,15,0.0,Yes,1295.0,23.0,202.0,19.0,17.0,5.5,-1.034,0.258,0.601,False
681,704,m,87,12,2.0,Yes,1450.0,21.4,133.0,9.0,10.0,0.0,-0.3,-0.147,-0.87,True
682,705,u,60,16,2.0,Yes,927.0,38.9,95.0,14.995756718528996,14.894573643410853,3.5,1.65,0.099,0.594,True
683,706,m,50,16,0.0,Yes,1019.0,8.0,226.0,14.995756718528996,14.894573643410853,7.5,0.119,-0.098,-0.505,False
684,708,m,79,16,2.0,Yes,627.0,29.5,191.0,13.0,17.0,16.5,-1.186,-0.148,-1.398,False
686,710,m,73,14,1.0,No,862.0,23.3,244.0,17.0,19.0,1.5,0.113,2.024,0.722,False
687,711,m,70,12,1.0,Yes,1692.0,31.4,174.0,13.0,15.0,11.5,-0.261,0.557,-2.563,False
689,713,f,72,13,1.0,Yes,879.0,16.1,228.0,14.0,13.0,4.5,0.858,-0.175,-0.262,False
690,714,f,89,18,1.0,Yes,904.0,10.9,80.0,14.0,14.0,0.0,0.462,1.46,-0.682,False
691,716,m,79,16,1.0,Yes,898.0,23.4,138.0,13.0,17.0,5.5,-1.051,0.48,1.361,False
692,717,m,69,12,0.0,Yes,1463.0,25.5,90.0,15.0,15.0,0.0,0.509,0.19,0.078,False
693,718,u,51,12,1.0,Yes,1160.0,23.5,179.0,16.0,15.0,3.5,1.443,0.704,-0.76,True
694,719,m,72,17,0.0,No,1046.0,25.9,345.0,19.0,17.0,13.5,-0.33,1.351,0.075,False
695,720,un,72,20,1.0,No,1265.0,22.2,284.0,18.0,13.0,11.5,-1.885,-0.574,0.272,False
696,721,m,56,16,0.0,Yes,1700.0,33.9,428.0,17.0,7.0,15.5,0.368,-1.12,0.631,False
697,722,f,74,10,1.0,Yes,1700.0,26.1,181.0,18.0,17.0,0.0,0.428,0.178,0.679,False
698,723,m,52,11,0.0,Yes,1096.0,9.8,241.0,17.0,12.0,0.0,-0.898,-1.104,0.4,True
700,725,f,65,18,2.0,Yes,1225.0,26.9,327.0,14.0,12.0,11.5,-0.613,1.55,0.805,False
702,727,m,64,14,1.0,Yes,823.0,9.5,218.0,11.0,16.0,3.5,-1.674,-0.801,-1.624,True
703,728,m,78,15,1.0,Yes,1700.0,26.9,117.0,14.995756718528996,11.0,0.0,0.935,0.94,-0.774,False
704,729,un,50,13,1.0,Yes,1064.0,21.9,342.0,15.0,16.0,4.5,-2.115,1.262,-0.077,False
705,730,f,67,15,0.0,Yes,1297.0,29.2,80.0,19.0,15.0,4.5,-0.672,-0.853,-1.035,False
706,731,m,81,13,0.0,Yes,1351.0,8.2,107.0,14.995756718528996,16.0,0.0,1.773,1.461,0.75,True
707,732,m,54,18,1.0,No,983.0,16.8,80.0,15.0,19.0,5.5,0.487,0.996,-0.003,False
708,733,f,57,20,1.0,Yes,1055.0,8.0,128.0,17.0,20.0,13.5,1.139,0.814,-0.274,False
709,734,f,69,12,0.0,Yes,715.0,37.2,224.0,15.0,11.0,0.0,0.363,-1.591,-0.058,True
710,735,f,59,12,0.0,Yes,655.0,11.7,275.0,18.0,19.0,3.5,1.068,0.203,1.743,False
711,736,f,67,10,0.0,Yes,1087.0,8.0,261.0,19.0,11.0,11.5,-0.469,2.074,0.136,False
712,737,m,66,19,1.0,No,276.0,18.6,184.0,14.0,14.894573643410853,2.5,0.057,1.127,0.69,True
714,739,f,50,19,0.0,Yes,817.0,23.7,162.0,11.0,14.894573643410853,7.5,0.265,0.981,0.087,False
715,740,f,63,17,0.0,Yes,751.0,48.0,104.0,16.0,14.0,0.0,-0.541,0.6,-1.57,False
716,741,f,90,12,0.0,No,1147.0,8.0,81.0,17.0,18.0,1.5,0.661,-1.563,-0.494,False
718,744,f,51,17,0.0,Yes,1219.0,15.3,164.0,19.0,22.0,14.5,0.321,-0.906,-0.267,False
721,747,f,74,18,1.0,Yes,1399.0,13.9,327.0,12.0,15.0,14.5,-2.692,-1.001,0.201,False
722,748,f,69,14,2.0,Yes,935.0,28.2,85.0,14.0,15.0,7.5,-1.152,-0.171,-0.523,False
723,749,m,90,11,0.0,Yes,1259.0,13.6,171.0,10.0,14.0,0.5,0.068,-0.053,0.429,True
724,750,f,51,18,0.0,No,1162.0,14.5,252.0,11.0,14.894573643410853,9.5,2.06,-0.392,0.511,False
725,751,f,80,12,0.0,Yes,1485.0,16.2,191.0,11.0,14.0,12.5,0.179,-0.452,0.608,False
726,752,m,55,19,0.0,No,1394.0,26.0,285.0,15.0,17.0,5.5,1.341,0.257,0.693,False
727,753,f,55,18,0.0,Yes,955.0,8.0,131.0,13.0,17.0,6.5,-0.501,-0.397,-0.245,False
728,754,f,77,16,0.0,Yes,1106.0,30.7,202.0,21.0,11.0,3.5,-0.328,-0.244,0.198,True
729,755,f,62,18,0.0,Yes,1700.0,15.0,136.0,18.0,14.0,13.5,0.897,-0.462,-1.259,False
730,756,f,71,14,2.0,Yes,1150.0,29.3,180.0,16.0,14.894573643410853,8.5,-0.448,-1.383,-1.164,False
731,757,m,71,11,2.0,Yes,1700.0,23.5,435.0,13.0,9.0,8.5,0.234,1.791,-2.044,False
732,758,u,69,18,0.0,Yes,1656.0,8.0,224.0,15.0,14.0,6.5,0.143,-0.376,-0.401,False
733,759,f,68,14,0.0,No,805.0,23.1,116.0,18.0,14.0,8.5,0.808,-0.2,-2.987,False
734,760,m,52,12,2.0,Yes,1021.0,32.9,206.0,14.995756718528996,16.0,16.5,0.848,-1.164,0.795,False
735,761,un,61,10,1.0,Yes,1533.0,21.9,185.0,15.0,16.0,6.5,-0.192,0.226,0.675,False
736,762,m,89,20,0.0,Yes,1588.0,16.3,176.0,16.0,14.894573643410853,1.5,-0.25,0.097,-0.163,False
737,763,f,69,20,0.0,Yes,865.0,10.1,174.0,20.0,9.0,0.0,-1.463,-0.628,-0.268,False
738,764,f,72,16,1.0,Yes,1196.0,31.6,275.0,10.0,17.0,1.5,0.026,-0.118,-0.089,True
741,767,m,59,12,0.0,Yes,379.0,17.8,197.0,10.0,17.0,5.5,1.102,-0.548,1.388,False
742,768,un,85,15,1.0,No,1324.0,32.0,106.0,18.0,12.0,7.5,-0.043,-0.713,-0.063,False
743,769,m,86,14,0.0,Yes,616.0,19.3,81.0,12.0,18.0,11.5,-0.206,-1.195,0.317,False
744,770,f,59,12,0.0,Yes,1202.0,32.8,146.0,13.0,14.0,11.5,0.096,-0.97,-0.785,False
745,771,m,71,13,1.0,Yes,879.0,8.0,143.0,9.0,9.0,4.5,-0.638,-1.812,-1.997,False
746,772,f,64,10,0.0,Yes,1559.0,25.5,93.0,16.0,14.894573643410853,0.5,-0.963,-0.128,-0.316,True
748,774,f,62,18,1.0,Yes,845.0,8.0,150.0,14.0,20.0,2.5,-1.816,0.349,0.555,False
749,775,f,70,15,0.0,Yes,1054.0,19.0,83.0,13.0,18.0,0.5,-0.69,-1.638,-1.072,True
751,777,f,89,14,1.0,Yes,1369.0,11.9,111.0,18.0,17.0,17.5,-0.547,0.631,0.499,False
752,778,f,75,12,2.0,No,1328.0,8.0,163.0,15.0,19.0,5.5,-1.531,1.304,0.862,False
754,780,f,56,13,1.0,Yes,1366.0,30.8,159.0,17.0,15.0,13.5,-1.156,2.07,0.42,False
755,781,m,67,15,1.0,Yes,1028.0,24.1,271.0,12.0,14.894573643410853,9.5,-0.555,-0.61,-1.143,False
756,783,m,61,17,1.0,No,1486.0,35.0,271.0,15.0,16.0,15.5,1.518,-0.267,0.246,False
757,784,f,87,20,2.0,Yes,1132.0,19.7,141.0,17.0,14.0,0.0,-0.847,-1.01,-1.481,False
758,785,f,80,15,0.0,No,1124.0,8.6,407.0,16.0,14.0,12.5,0.919,-0.297,-0.189,False
759,786,f,76,16,0.0,Yes,1387.0,8.0,274.0,14.995756718528996,21.0,6.5,-0.201,-1.796,1.426,False
760,787,f,85,10,1.0,No,1700.0,25.2,122.0,16.0,14.0,14.5,0.889,-1.07,0.42,False
761,788,m,70,18,1.0,Yes,571.0,9.4,110.0,16.0,16.0,5.5,0.389,-0.043,1.365,False
762,789,m,88,11,0.0,No,1090.0,36.2,80.0,11.0,17.0,2.5,1.648,1.598,-0.368,True
763,790,m,69,20,1.0,Yes,1467.0,20.3,109.0,10.0,17.0,8.5,0.573,-0.68,0.544,False
765,792,m,83,14,0.0,Yes,1388.0,14.1,80.0,15.0,13.0,10.5,-1.617,1.672,1.555,False
766,793,f,74,17,0.0,Yes,871.0,11.5,176.0,10.0,15.0,7.5,-0.107,-0.81,-0.791,False
767,794,m,67,12,1.0,No,912.0,15.1,293.0,16.0,18.0,12.5,0.699,-0.966,-0.923,False
768,795,f,79,14,0.0,No,1408.0,24.7,233.0,19.0,20.0,0.0,-0.542,1.088,0.731,False
769,796,f,81,19,1.0,No,1052.0,19.0,322.0,18.0,15.0,16.5,-0.981,0.156,-0.091,False
770,797,f,59,18,1.0,No,840.0,19.5,227.0,16.0,14.0,4.5,0.304,-0.206,0.63,False
771,798,m,65,12,0.0,Yes,905.0,16.0,189.0,12.0,12.0,15.5,-0.009,-0.589,-1.522,False
772,799,m,88,12,2.0,Yes,696.0,38.9,129.0,12.0,12.0,8.5,-1.153,-0.517,0.656,False
773,800,f,53,11,2.0,Yes,1378.0,28.7,258.0,8.0,13.0,13.5,-1.886,-0.004,-0.342,False
774,801,f,86,16,0.0,No,1700.0,11.5,201.0,10.0,14.0,15.5,-0.401,1.179,-0.886,False
775,802,f,81,11,0.0,No,981.0,15.5,80.0,16.0,16.0,11.5,0.168,-0.345,-0.541,False
776,803,m,86,14,0.0,Yes,1571.0,20.4,288.0,13.0,14.894573643410853,0.0,0.303,0.088,-0.232,True
777,804,m,69,19,1.0,Yes,1433.0,8.0,221.0,15.0,15.0,6.5,0.482,-2.729,0.175,False
778,805,m,69,15,2.0,Yes,1405.0,20.8,360.0,11.0,16.0,0.0,0.909,-0.241,1.323,False
779,806,m,50,10,2.0,Yes,1485.0,21.0,313.0,19.0,14.0,3.5,-0.276,-0.607,1.789,True
780,807,f,86,10,1.0,Yes,1586.0,31.7,109.0,17.0,12.0,5.5,1.099,0.611,0.982,False
781,808,m,52,15,2.0,Yes,827.0,14.5,182.0,11.0,16.0,0.0,0.937,-0.64,-0.772,True
782,809,m,60,11,0.0,Yes,1424.0,35.4,320.0,14.0,14.0,14.5,1.366,-0.482,0.073,False
783,810,m,78,15,2.0,Yes,987.0,30.7,309.0,19.0,16.0,16.5,1.113,0.494,0.29,False
785,812,f,60,17,0.0,No,722.0,34.8,80.0,16.0,17.0,10.5,0.287,1.645,1.133,False
786,813,un,86,18,1.0,Yes,1385.0,12.3,143.0,13.0,14.0,1.5,-0.608,-0.354,-1.243,False
787,814,f,85,16,2.0,Yes,1700.0,28.2,171.0,15.0,16.0,6.5,0.502,1.503,-0.41,False
788,815,u,65,13,0.0,Yes,1033.0,26.9,227.0,13.0,14.894573643410853,0.5,-0.901,-0.714,-1.483,False
789,816,m,58,13,1.0,No,826.0,16.8,271.0,13.0,18.0,12.5,-1.057,-0.491,-0.243,False
790,817,f,85,13,1.0,Yes,1497.0,8.0,158.0,19.0,13.0,1.5,-0.59,-1.159,-0.36,True
791,818,m,84,19,0.0,Yes,1174.0,29.2,238.0,12.0,22.0,6.5,-0.768,-0.987,1.312,False
792,819,un,73,11,1.0,No,457.0,8.0,137.0,18.0,14.894573643410853,16.5,-0.058,0.186,-2.398,False
793,820,m,53,16,1.0,Yes,1089.0,8.0,156.0,16.0,13.0,10.5,-1.586,0.317,1.879,False
794,821,f,70,19,0.0,Yes,1506.0,40.2,216.0,11.0,14.0,4.5,1.865,-0.917,0.962,False
795,822,m,85,18,0.0,No,510.0,30.1,80.0,16.0,17.0,9.5,-0.449,1.475,-0.109,False
796,823,f,76,18,0.0,No,1261.0,8.0,237.0,18.0,13.0,10.5,1.646,-0.657,-1.469,False
797,824,m,67,12,1.0,Yes,1334.0,9.2,111.0,15.0,11.0,13.5,0.353,-0.175,-1.303,False
798,825,u,84,13,0.0,Yes,1328.0,14.0,386.0,17.0,15.0,4.5,1.261,-0.16,-0.253,False
799,826,u,85,11,2.0,Yes,1700.0,21.7,132.0,14.995756718528996,14.894573643410853,0.0,1.002,-0.008,1.034,False
801,828,f,67,14,0.0,Yes,1038.0,16.6,106.0,16.0,12.0,1.5,-0.25,0.636,-1.07,True
803,830,u,72,18,0.0,Yes,728.0,26.9,148.0,17.0,9.0,0.0,-1.047,1.59,-1.122,True
804,831,f,68,16,0.0,Yes,1579.0,13.8,205.0,10.0,9.0,16.5,1.774,0.709,-1.098,False
805,832,m,67,15,1.0,Yes,630.0,20.3,80.0,14.0,19.0,3.5,-0.185,0.505,1.055,False
807,835,m,69,12,0.0,No,1700.0,32.0,256.0,9.0,15.0,17.5,-0.41,0.125,0.794,False
808,836,u,62,18,0.0,Yes,1165.0,14.4,116.0,16.0,7.0,0.0,-0.079,1.448,0.809,True
809,837,f,50,11,0.0,Yes,1247.0,27.2,152.0,16.0,13.0,15.5,0.354,0.489,1.675,False
810,838,m,81,19,2.0,Yes,1412.0,43.9,80.0,16.0,17.0,0.0,-1.674,-0.16,0.166,True
811,839,un,73,18,2.0,Yes,776.0,13.3,266.0,13.0,21.0,0.0,-0.212,0.755,-1.426,False
812,840,m,50,19,0.0,Yes,1452.0,17.2,425.0,16.0,14.894573643410853,1.5,0.398,-0.129,-1.687,False
813,841,un,75,18,2.0,No,1116.0,17.4,176.0,13.0,15.0,9.5,-0.361,-1.383,0.041,False
814,842,f,88,14,1.0,Yes,1190.0,15.4,168.0,14.0,14.0,2.5,0.063,-0.699,0.011,True
815,843,m,85,10,1.0,Yes,427.0,26.7,136.0,18.0,20.0,2.5,0.762,1.358,-1.756,True
816,844,m,76,18,1.0,Yes,1512.0,13.5,165.0,13.0,14.894573643410853,0.5,-1.294,1.397,-0.695,True
818,846,f,67,13,0.0,No,969.0,24.8,481.0,10.0,14.0,0.0,-1.015,1.797,-0.937,False
819,847,m,90,14,0.0,Yes,1110.0,24.9,122.0,17.0,15.0,12.5,1.165,0.012,0.474,False
820,848,m,85,17,0.0,Yes,1073.0,28.1,296.0,18.0,11.0,11.5,1.427,-0.787,-0.216,False
821,849,m,77,11,0.0,Yes,1646.0,16.0,174.0,12.0,17.0,1.5,1.847,-0.998,-0.507,True
822,850,m,63,10,2.0,Yes,1300.0,13.6,80.0,14.995756718528996,14.0,0.0,1.477,-0.281,-1.644,True
824,852,m,80,12,2.0,No,1700.0,42.0,238.0,16.0,16.0,5.5,0.863,0.394,-1.045,False
825,853,un,88,13,1.0,No,751.0,29.5,299.0,14.995756718528996,13.0,11.5,0.732,-0.425,-0.518,False
827,855,un,61,12,1.0,Yes,1466.0,12.5,181.0,14.995756718528996,13.0,15.5,-0.522,-1.763,1.775,False
829,857,f,86,17,1.0,Yes,1604.0,16.3,230.0,13.0,16.0,13.5,0.754,-0.004,-1.065,False
830,858,f,53,13,1.0,No,748.0,40.1,80.0,16.0,14.0,8.5,0.013,0.293,-1.514,False
831,859,f,78,11,2.0,Yes,1039.0,8.0,202.0,18.0,10.0,12.5,-1.504,0.079,-0.085,False
832,860,f,66,10,0.0,Yes,820.0,22.7,202.0,15.0,14.894573643410853,4.5,0.552,1.319,0.421,False
833,861,f,65,19,1.0,Yes,1069.0,8.0,80.0,14.0,14.0,16.5,-1.069,1.207,-2.138,False
834,862,m,58,11,1.0,Yes,1066.0,11.7,216.0,13.0,14.0,2.5,-0.997,-0.469,1.735,False
835,863,m,79,20,1.0,Yes,1363.0,25.4,246.0,17.0,17.0,11.5,0.951,1.257,0.734,False
836,864,f,89,13,0.0,Yes,924.0,20.7,80.0,17.0,15.0,11.5,-1.451,1.78,0.135,False
837,865,m,61,11,0.0,Yes,1041.0,40.0,80.0,18.0,12.0,16.5,-1.357,1.489,0.91,False
838,866,m,55,18,0.0,No,1409.0,11.8,208.0,20.0,12.0,17.5,-0.942,-1.652,0.098,False
839,867,f,55,16,0.0,Yes,1700.0,23.0,331.0,14.0,19.0,11.5,-1.088,-1.461,-0.484,False
840,868,f,67,19,2.0,Yes,1700.0,23.0,131.0,15.0,13.0,2.5,-1.429,-0.283,-0.46,False
841,869,m,82,19,1.0,Yes,1700.0,25.1,342.0,13.0,16.0,14.5,0.445,-1.191,1.174,False
842,870,m,62,17,1.0,No,1521.0,8.0,232.0,16.0,14.894573643410853,15.5,-0.617,-0.631,0.048,False
844,872,m,82,15,0.0,No,1469.0,23.7,199.0,16.0,18.0,3.5,-0.396,0.835,1.133,True
845,873,m,83,19,1.0,No,1700.0,37.7,186.0,15.0,20.0,17.5,-0.075,-0.823,-0.507,False
846,874,f,75,15,2.0,Yes,723.0,8.0,251.0,13.0,19.0,14.5,0.382,1.039,0.7,False
847,875,f,50,13,2.0,Yes,1680.0,27.6,266.0,21.0,15.0,0.0,0.125,0.299,0.52,True
848,876,m,81,17,2.0,Yes,776.0,29.2,126.0,17.0,14.894573643410853,0.5,0.631,0.714,0.372,True
849,877,un,82,19,1.0,Yes,765.0,25.3,147.0,11.0,19.0,15.5,2.467,0.971,1.097,False
850,878,f,55,16,0.0,Yes,1700.0,13.4,177.0,14.0,17.0,8.5,-0.978,0.836,0.173,False
851,879,f,77,14,1.0,No,1127.0,8.0,246.0,21.0,13.0,15.5,0.565,-0.421,-0.083,False
853,881,f,63,18,1.0,Yes,290.0,29.7,148.0,14.995756718528996,10.0,2.5,2.304,0.714,2.028,False
854,882,f,54,20,0.0,Yes,883.0,15.7,349.0,13.0,14.894573643410853,17.5,-0.117,1.008,-0.28,False
856,884,m,67,13,0.0,No,1154.0,8.0,266.0,8.0,16.0,9.5,-0.098,1.098,-0.811,False
858,886,m,60,11,2.0,Yes,1700.0,19.1,268.0,18.0,16.0,14.5,-1.314,1.492,-1.911,False
859,887,m,79,16,0.0,No,270.0,28.4,223.0,14.995756718528996,14.0,9.5,0.04,0.0,1.575,False
860,888,f,61,14,1.0,No,1078.0,16.6,278.0,15.0,14.894573643410853,16.5,-0.801,1.806,-0.349,False
861,889,f,50,19,2.0,Yes,1303.0,35.0,291.0,13.0,17.0,5.5,-1.303,1.053,0.331,False
862,890,f,53,10,0.0,Yes,597.0,14.9,80.0,19.0,14.894573643410853,3.5,0.506,-0.166,-0.298,True
863,891,f,71,18,0.0,No,1700.0,41.4,89.0,14.0,21.0,5.5,-1.067,-0.267,-0.022,False
865,893,m,83,11,0.0,Yes,1599.0,15.4,80.0,13.0,14.894573643410853,12.5,-0.451,-0.135,1.246,False
866,894,f,73,18,0.0,Yes,1224.0,23.6,294.0,11.0,16.0,8.5,1.325,0.682,0.554,False
869,897,m,81,13,1.0,Yes,1700.0,21.7,382.0,15.0,22.0,11.5,0.338,1.311,-1.433,False
870,898,m,70,16,1.0,Yes,755.0,26.3,301.0,13.0,20.0,16.5,0.464,-0.094,1.524,False
871,899,un,57,14,2.0,No,994.0,18.5,234.0,12.0,12.0,2.5,0.761,-2.687,1.28,False
