,sex,age_years,years_education,APOE4,family_dementia_history,ptau_result,ttau_result,abeta42_result,mmse_total,gds_total,cdr_sob,LHVL,LHVR,LHV,LWMV,DX
0,f,51,11,0.0,Yes,16.3,331.0,1363.0,16.0,9.0,16.5,-1.701,-0.521,-2.221,-0.723,Dem
1,m,76,10,2.0,Yes,22.9,223.0,1700.0,14.0,14.0,1.5,0.254,0.025,0.279,0.0,MCI
2,f,61,14,0.0,Yes,19.8,202.0,1406.0,15.0,,5.5,-0.642,-0.657,-1.299,0.21,Dem
3,f,53,10,1.0,Yes,22.1,80.0,1150.0,16.0,14.0,,-2.135,0.95,-1.185,1.042,
4,m,56,19,2.0,Yes,8.0,170.0,1094.0,20.0,14.0,10.5,-0.909,-0.139,-1.048,-0.827,Dem
5,f,80,19,2.0,Yes,41.4,231.0,1329.0,17.0,17.0,0.5,-0.025,-0.679,-0.703,0.379,MCI
6,f,77,15,1.0,Yes,10.7,167.0,1540.0,17.0,15.0,,-0.003,0.296,0.293,-2.128,
7,m,62,19,0.0,No,32.5,85.0,1150.0,13.0,12.0,3.5,1.125,0.646,1.772,0.451,MCI
8,f,75,19,2.0,No,22.4,123.0,1324.0,11.0,13.0,9.5,-0.632,-1.346,-1.978,-0.274,Dem
9,m,59,11,0.0,Yes,16.9,424.0,1048.0,16.0,14.0,,-1.019,1.169,0.15,0.181,
10,f,50,15,0.0,No,19.9,140.0,893.0,,14.0,12.5,0.251,-2.013,-1.762,0.026,Dem
11,m,90,18,0.0,Yes,17.5,211.0,385.0,18.0,14.0,16.5,-0.366,-0.248,-0.614,-0.128,Dem
12,m,52,11,1.0,Yes,16.6,370.0,766.0,,17.0,2.5,-1.993,0.204,-1.789,0.637,MCI
13,m,50,15,,Yes,13.5,127.0,1160.0,12.0,14.0,4.5,1.313,1.329,2.642,0.323,Dem
14,f,56,17,0.0,Yes,30.3,361.0,901.0,15.0,13.0,0.5,-1.02,-0.851,-1.871,0.38,MCI
15,m,51,16,0.0,Yes,15.7,109.0,1430.0,14.0,14.0,9.5,-1.505,1.469,-0.036,0.477,Dem
16,f,63,17,1.0,Yes,8.0,360.0,1078.0,12.0,15.0,4.5,0.795,-1.024,-0.229,0.08,Dem
17,m,70,12,0.0,Yes,18.2,220.0,1043.0,,15.0,1.5,0.787,0.298,1.085,-1.059,MCI
18,f,78,15,0.0,Yes,32.1,149.0,1007.0,17.0,17.0,4.5,-0.054,1.557,1.503,-0.823,Dem
19,m,67,18,0.0,No,38.9,220.0,818.0,17.0,12.0,,-1.18,0.083,-1.097,-1.5,
20,m,61,17,0.0,Yes,13.1,222.0,1700.0,12.0,19.0,4.5,0.123,0.102,0.225,2.128,Dem
21,m,71,16,1.0,Yes,22.8,314.0,1210.0,14.0,14.0,5.5,-1.085,-1.094,-2.179,0.067,Dem
22,m,77,20,1.0,Yes,28.4,248.0,1041.0,,11.0,12.5,-1.279,0.218,-1.062,-1.711,Dem
23,m,74,18,0.0,No,16.9,298.0,1010.0,20.0,13.0,0.0,-0.408,0.453,0.045,-1.032,NC
24,f,90,20,2.0,No,31.4,321.0,985.0,16.0,10.0,0.0,1.448,1.109,2.556,0.786,NC
25,m,84,17,0.0,Yes,28.2,97.0,1090.0,9.0,12.0,17.5,1.859,0.456,2.316,1.539,Dem
26,un,75,11,0.0,Yes,21.8,242.0,1106.0,16.0,,15.5,0.941,1.316,2.257,-2.473,Dem
27,u,58,16,1.0,Yes,26.5,94.0,1472.0,15.0,13.0,5.5,-0.067,-0.876,-0.943,1.41,Dem
28,un,82,20,2.0,Yes,24.5,218.0,1127.0,18.0,12.0,11.5,-0.032,-1.64,-1.672,0.425,Dem
29,m,63,19,1.0,No,11.3,293.0,898.0,14.0,,15.5,-0.666,1.891,1.226,0.863,Dem
30,m,76,20,0.0,Yes,29.1,80.0,868.0,18.0,15.0,,-0.016,0.849,0.833,-1.794,
31,m,61,11,0.0,No,8.0,132.0,1469.0,11.0,19.0,1.5,0.835,-1.109,-0.274,-0.102,MCI
32,m,63,19,0.0,Yes,25.1,344.0,1392.0,22.0,14.0,9.5,-0.412,0.433,0.021,-0.078,Dem
33,f,61,10,,Yes,32.6,198.0,1160.0,17.0,17.0,14.5,-0.5,-0.747,-1.247,0.13,Dem
34,f,69,10,2.0,Yes,17.2,259.0,1266.0,13.0,19.0,5.5,-1.541,-0.951,-2.493,-1.741,Dem
35,f,72,11,,Yes,9.9,80.0,1074.0,17.0,,7.5,-0.158,0.27,0.113,0.637,Dem
36,m,71,14,2.0,Yes,16.1,273.0,1142.0,17.0,13.0,7.5,-1.452,-0.001,-1.453,-0.081,Dem
37,m,62,18,1.0,Yes,13.9,109.0,270.0,,18.0,14.5,-0.66,-1.0,-1.661,-0.107,Dem
38,m,54,12,0.0,Yes,8.2,354.0,1700.0,13.0,12.0,5.5,0.674,-0.908,-0.234,-1.598,Dem
39,f,85,13,0.0,Yes,19.1,114.0,1042.0,13.0,17.0,11.5,0.367,-0.487,-0.119,0.283,Dem
40,f,69,14,2.0,Yes,14.4,107.0,1358.0,12.0,15.0,,0.912,0.159,1.071,0.356,
41,m,82,17,0.0,Yes,19.4,295.0,1303.0,18.0,16.0,,-0.809,-0.367,-1.177,0.814,
42,f,79,18,0.0,Yes,35.9,246.0,705.0,18.0,15.0,0.5,0.673,1.007,1.68,0.992,MCI
43,f,58,12,0.0,Yes,22.0,178.0,762.0,14.0,16.0,12.5,-0.539,-1.094,-1.633,0.519,Dem
44,un,58,12,1.0,No,34.9,80.0,640.0,20.0,18.0,0.5,0.728,0.64,1.368,1.247,MCI
45,m,62,18,0.0,Yes,29.4,339.0,872.0,,15.0,0.5,-0.827,0.082,-0.745,0.844,MCI
46,f,90,10,0.0,No,40.0,325.0,357.0,,17.0,3.5,-1.405,0.026,-1.379,-0.904,MCI
47,m,83,17,1.0,Yes,34.9,228.0,1643.0,15.0,14.0,16.5,0.646,-0.368,0.278,0.753,Dem
48,m,80,14,0.0,Yes,27.0,281.0,1514.0,11.0,12.0,0.0,0.916,1.087,2.003,-0.06,NC
49,f,78,20,2.0,Yes,8.0,295.0,1325.0,14.0,,0.0,0.232,-0.704,-0.471,1.44,NC
50,m,76,19,,Yes,14.6,134.0,678.0,14.0,17.0,,-0.561,0.083,-0.477,0.374,
51,f,58,13,1.0,Yes,27.4,305.0,857.0,15.0,22.0,15.5,0.603,-0.96,-0.357,-0.978,Dem
52,f,77,18,,Yes,11.3,261.0,665.0,19.0,15.0,3.5,1.428,-1.184,0.244,1.427,MCI
53,f,64,14,2.0,Yes,35.1,332.0,486.0,13.0,9.0,10.5,0.166,0.492,0.659,-0.187,Dem
54,m,67,19,,Yes,28.6,329.0,1254.0,15.0,17.0,16.5,1.202,-0.23,0.972,0.678,Dem
55,m,64,20,,Yes,9.8,411.0,1145.0,10.0,12.0,15.5,1.543,0.616,2.159,-1.084,Dem
56,f,65,20,0.0,No,19.3,183.0,608.0,17.0,,2.5,-1.62,0.495,-1.126,0.994,MCI
57,m,72,13,0.0,Yes,12.0,80.0,1496.0,14.0,10.0,1.5,-1.217,0.879,-0.338,0.86,MCI
58,m,61,19,1.0,Yes,21.2,321.0,1539.0,17.0,12.0,6.5,-0.158,0.05,-0.108,1.814,Dem
59,m,89,18,0.0,No,25.8,226.0,1004.0,16.0,,2.5,-0.611,0.637,0.026,-0.012,MCI
60,f,60,13,0.0,No,23.1,133.0,1143.0,17.0,12.0,15.5,-1.509,0.57,-0.94,-0.638,Dem
61,m,62,18,2.0,Yes,28.6,138.0,751.0,9.0,15.0,9.5,-0.577,-0.083,-0.659,-0.913,Dem
62,m,64,20,2.0,No,23.2,131.0,1310.0,19.0,10.0,,-0.627,-0.979,-1.606,-2.182,
63,f,88,12,0.0,Yes,28.3,186.0,1495.0,18.0,13.0,0.0,1.513,0.256,1.769,-1.161,NC
64,f,53,18,0.0,Yes,22.0,80.0,583.0,13.0,17.0,11.5,0.853,0.151,1.003,-0.417,Dem
65,m,53,20,1.0,Yes,31.0,189.0,1227.0,15.0,14.0,,0.027,-0.608,-0.581,-0.436,
66,f,88,18,0.0,No,8.0,80.0,880.0,14.0,19.0,17.5,-1.034,-2.328,-3.362,-1.536,Dem
67,u,72,12,,Yes,32.1,254.0,1149.0,13.0,15.0,11.5,-1.071,-0.098,-1.169,-0.037,Dem
68,m,86,16,0.0,Yes,18.0,86.0,1133.0,12.0,17.0,17.5,-0.971,0.859,-0.112,-0.124,Dem
69,f,62,16,0.0,No,12.8,262.0,1563.0,16.0,16.0,2.5,-0.475,1.123,0.647,-0.709,MCI
70,u,77,16,,Yes,23.4,230.0,673.0,13.0,13.0,6.5,-0.479,-0.543,-1.022,-1.231,Dem
71,m,69,14,0.0,Yes,8.0,151.0,1108.0,16.0,16.0,0.0,-1.428,1.023,-0.406,-1.487,NC
72,m,63,18,0.0,Yes,16.3,188.0,876.0,12.0,14.0,0.0,-0.422,-2.525,-2.947,0.018,NC
73,m,72,20,0.0,No,26.4,88.0,1549.0,16.0,14.0,6.5,1.426,0.802,2.229,0.064,Dem
74,un,55,14,2.0,No,13.8,115.0,1700.0,14.0,15.0,8.5,1.286,-1.068,0.218,-0.388,Dem
75,m,83,17,0.0,Yes,8.0,368.0,1360.0,13.0,14.0,6.5,1.446,-0.075,1.371,0.111,Dem
76,f,79,17,0.0,Yes,10.6,182.0,1700.0,17.0,20.0,,-0.659,-0.808,-1.467,-1.288,
77,f,86,13,0.0,Yes,20.9,359.0,1290.0,17.0,17.0,14.5,-0.451,2.195,1.744,0.375,Dem
78,f,57,14,1.0,Yes,14.7,156.0,1683.0,,9.0,15.5,-0.533,-1.427,-1.96,-0.631,Dem
79,m,74,14,,No,27.1,152.0,610.0,15.0,17.0,0.0,1.915,0.49,2.405,-0.95,NC
80,f,81,20,,Yes,23.9,211.0,1417.0,11.0,16.0,6.5,-0.596,1.554,0.958,0.949,Dem
81,f,61,12,0.0,No,39.2,320.0,836.0,19.0,16.0,8.5,0.009,0.08,0.089,-0.87,Dem
82,m,68,20,2.0,No,27.5,288.0,1236.0,15.0,13.0,9.5,-0.255,-0.501,-0.756,1.763,Dem
83,f,74,10,1.0,Yes,24.1,246.0,725.0,13.0,,14.5,2.678,2.619,5.297,-2.128,Dem
84,f,62,20,0.0,Yes,32.0,80.0,1700.0,13.0,14.0,5.5,0.373,-0.762,-0.389,0.055,Dem
85,f,86,13,0.0,Yes,16.2,275.0,956.0,9.0,16.0,5.5,0.79,0.214,1.004,0.562,Dem
86,m,57,10,,No,8.5,307.0,1669.0,18.0,14.0,16.5,0.516,-1.358,-0.842,-1.374,Dem
87,f,61,18,1.0,Yes,17.1,85.0,984.0,17.0,11.0,,0.184,1.428,1.612,-1.062,
88,f,51,14,0.0,Yes,27.7,124.0,1055.0,,13.0,14.5,-0.786,0.125,-0.661,0.02,Dem
89,m,82,15,1.0,No,23.5,217.0,1616.0,,15.0,7.5,-0.466,-0.074,-0.54,0.119,Dem
90,m,68,17,1.0,No,19.4,232.0,1121.0,18.0,19.0,1.5,0.801,-1.229,-0.427,0.367,MCI
91,f,61,10,1.0,Yes,24.2,111.0,1034.0,17.0,9.0,2.5,0.088,-2.089,-2.002,-0.786,MCI
92,f,64,11,0.0,No,25.4,490.0,1268.0,18.0,,15.5,-0.538,0.95,0.412,0.651,Dem
93,m,72,16,0.0,Yes,26.1,154.0,951.0,15.0,10.0,9.5,0.074,1.005,1.079,0.409,Dem
94,f,50,12,0.0,Yes,14.1,207.0,1380.0,13.0,,16.5,0.207,0.972,1.179,0.314,Dem
95,f,62,12,1.0,Yes,19.9,142.0,1371.0,20.0,10.0,4.5,1.937,-1.034,0.903,-0.017,Dem
96,f,79,14,0.0,Yes,8.7,80.0,1510.0,15.0,,9.5,0.461,0.415,0.876,1.326,Dem
97,m,51,19,,No,24.7,324.0,1217.0,15.0,14.0,0.0,-0.883,-1.542,-2.424,-0.96,NC
98,f,50,13,1.0,Yes,15.3,216.0,794.0,11.0,15.0,13.5,0.006,-1.31,-1.304,1.95,Dem
99,m,55,19,0.0,No,15.9,224.0,1298.0,10.0,16.0,,-0.265,0.513,0.249,0.727,
100,m,90,14,1.0,Yes,9.5,251.0,1482.0,11.0,13.0,5.5,0.134,0.952,1.086,0.267,Dem
101,f,52,12,1.0,Yes,25.5,266.0,342.0,17.0,13.0,12.5,-0.965,-1.129,-2.094,1.025,Dem
102,f,82,15,1.0,Yes,27.7,153.0,1700.0,12.0,13.0,,0.379,0.925,1.304,1.227,
103,m,86,14,0.0,Yes,11.6,273.0,857.0,12.0,18.0,14.5,-1.14,1.052,-0.088,-1.054,Dem
104,u,61,10,1.0,Yes,8.0,217.0,1140.0,15.0,19.0,1.5,0.326,-1.38,-1.053,-1.174,MCI
105,u,55,20,2.0,No,39.1,146.0,967.0,17.0,14.0,3.5,0.3,0.794,1.094,0.645,MCI
106,f,63,17,0.0,Yes,10.3,235.0,1093.0,14.0,14.0,16.5,-0.091,-1.205,-1.296,0.144,Dem
107,m,75,19,0.0,Yes,18.6,175.0,1190.0,11.0,15.0,3.5,0.071,-1.026,-0.955,0.47,MCI
108,f,83,16,0.0,No,38.3,80.0,1168.0,18.0,16.0,5.5,-0.157,-0.431,-0.589,-0.297,Dem
109,f,52,14,1.0,Yes,15.2,253.0,1293.0,18.0,15.0,,1.028,-1.905,-0.877,0.371,
110,f,84,19,0.0,Yes,30.0,328.0,1055.0,18.0,17.0,7.5,0.464,0.477,0.94,-0.951,Dem
111,f,66,14,0.0,Yes,17.5,185.0,699.0,12.0,18.0,5.5,0.208,0.309,0.517,-2.255,Dem
112,m,85,10,1.0,No,16.4,172.0,930.0,14.0,14.0,0.0,1.286,1.46,2.746,1.902,NC
113,f,50,10,0.0,Yes,36.2,157.0,1349.0,10.0,16.0,4.5,-0.948,-1.65,-2.598,0.46,Dem
114,m,89,19,1.0,Yes,31.9,341.0,1500.0,17.0,17.0,16.5,0.117,-0.788,-0.67,-0.352,Dem
115,f,67,19,1.0,Yes,33.0,319.0,491.0,,8.0,11.5,0.335,0.864,1.199,0.593,Dem
116,f,66,11,0.0,No,12.1,93.0,1700.0,19.0,,5.5,-1.541,0.499,-1.043,0.705,Dem
117,m,71,17,,Yes,8.0,160.0,659.0,11.0,16.0,2.5,-0.178,-0.29,-0.468,2.107,MCI
118,f,51,12,0.0,Yes,23.1,141.0,1510.0,14.0,14.0,11.5,0.46,1.308,1.768,-0.671,Dem
119,m,69,10,0.0,Yes,11.1,115.0,1455.0,10.0,17.0,10.5,-0.422,1.29,0.868,-0.507,Dem
120,m,87,16,1.0,Yes,21.5,329.0,1160.0,18.0,15.0,,0.152,0.849,1.001,0.4,
121,m,84,10,0.0,Yes,18.0,317.0,339.0,15.0,14.0,9.5,-0.048,1.227,1.179,-0.58,Dem
122,u,60,19,1.0,No,18.1,360.0,1280.0,19.0,18.0,13.5,-0.255,-1.385,-1.64,1.211,Dem
123,m,55,18,1.0,Yes,10.0,240.0,622.0,19.0,15.0,0.0,-0.766,-0.291,-1.056,1.405,NC
124,f,58,17,2.0,Yes,22.1,411.0,1700.0,12.0,13.0,12.5,1.798,0.406,2.203,0.116,Dem
125,m,52,10,0.0,Yes,28.4,194.0,1167.0,16.0,14.0,12.5,1.188,-1.563,-0.376,-0.255,Dem
126,m,72,12,0.0,Yes,23.4,149.0,395.0,18.0,13.0,17.5,0.618,0.056,0.675,1.491,Dem
127,m,81,13,1.0,Yes,8.0,333.0,1358.0,,13.0,6.5,0.872,0.261,1.133,0.384,Dem
128,m,83,10,,Yes,11.1,174.0,1135.0,16.0,13.0,3.5,-0.249,-0.914,-1.162,1.557,MCI
129,m,59,18,1.0,No,25.9,263.0,1700.0,16.0,15.0,11.5,1.771,0.78,2.551,-2.214,Dem
130,m,78,10,0.0,Yes,33.7,253.0,1023.0,21.0,9.0,,-1.328,0.98,-0.347,-0.177,
131,f,53,11,,Yes,23.4,218.0,1254.0,16.0,11.0,1.5,0.145,-0.802,-0.657,1.013,MCI
132,m,61,16,0.0,No,18.0,164.0,737.0,20.0,13.0,11.5,-0.255,0.849,0.594,-0.733,Dem
133,un,77,17,0.0,Yes,14.4,265.0,1499.0,12.0,17.0,5.5,0.961,1.288,2.249,1.342,Dem
134,f,72,15,0.0,Yes,8.0,200.0,830.0,15.0,13.0,7.5,0.045,2.145,2.19,0.551,Dem
135,u,78,19,0.0,Yes,20.2,395.0,844.0,14.0,10.0,10.5,-1.51,-0.752,-2.262,-0.758,Dem
136,f,76,10,,Yes,35.7,243.0,1470.0,12.0,11.0,14.5,0.002,0.43,0.432,-0.681,Dem
137,f,83,11,2.0,Yes,23.7,278.0,1216.0,11.0,11.0,,0.293,0.569,0.861,1.177,
138,f,70,15,0.0,Yes,17.6,179.0,1573.0,16.0,,,2.286,-0.67,1.616,-0.297,
139,m,87,20,2.0,Yes,38.3,311.0,828.0,15.0,16.0,9.5,-1.59,-0.177,-1.767,-1.825,Dem
140,f,52,11,0.0,Yes,25.7,185.0,1297.0,20.0,22.0,13.5,-0.897,-0.132,-1.029,-0.624,Dem
141,m,75,19,0.0,No,19.2,110.0,1596.0,14.0,12.0,,1.546,0.049,1.595,-1.082,
142,m,61,20,0.0,No,18.6,331.0,335.0,19.0,16.0,2.5,-1.333,-0.199,-1.532,2.159,MCI
143,m,68,15,0.0,Yes,8.3,285.0,1058.0,17.0,13.0,0.0,0.258,-1.275,-1.017,0.475,NC
144,m,59,10,,Yes,17.6,175.0,1579.0,18.0,17.0,3.5,-1.297,-1.001,-2.298,1.169,MCI
145,m,76,15,1.0,Yes,8.0,148.0,688.0,16.0,14.0,0.5,-1.499,-0.579,-2.078,-2.561,MCI
146,m,79,12,0.0,Yes,30.0,203.0,1144.0,15.0,16.0,4.5,1.055,-1.894,-0.839,-0.72,Dem
147,m,89,14,1.0,No,30.2,324.0,1164.0,13.0,,8.5,1.492,1.027,2.519,0.879,Dem
148,f,55,14,0.0,Yes,27.5,163.0,1244.0,14.0,13.0,13.5,-0.102,-1.517,-1.618,0.81,Dem
149,m,82,10,,Yes,8.0,107.0,1494.0,17.0,12.0,0.0,-0.083,-1.162,-1.245,-1.159,NC
150,m,81,19,0.0,No,10.9,160.0,962.0,,17.0,8.5,-1.699,-0.699,-2.398,-0.691,Dem
151,f,88,13,0.0,Yes,26.5,80.0,1257.0,19.0,13.0,,-0.601,0.644,0.043,-1.605,
152,f,79,18,,Yes,29.8,216.0,1044.0,13.0,19.0,16.5,-0.491,0.829,0.338,-0.785,Dem
153,f,54,15,2.0,Yes,11.1,80.0,1128.0,18.0,16.0,0.5,1.317,-3.101,-1.784,-0.012,MCI
154,m,78,15,0.0,No,24.4,277.0,1007.0,20.0,18.0,0.5,-0.423,0.471,0.048,-0.918,MCI
155,m,78,14,1.0,No,27.0,278.0,951.0,18.0,17.0,6.5,0.011,1.009,1.02,-1.12,Dem
156,m,55,20,0.0,Yes,24.6,370.0,1367.0,19.0,18.0,8.5,1.244,2.579,3.824,0.066,Dem
157,un,55,11,0.0,No,16.8,243.0,867.0,16.0,12.0,8.5,-0.435,-0.357,-0.793,1.278,Dem
158,f,68,19,0.0,Yes,8.0,83.0,1191.0,12.0,11.0,14.5,0.227,-1.582,-1.355,-0.359,Dem
159,un,75,13,2.0,No,8.5,172.0,1526.0,15.0,13.0,10.5,-1.524,2.674,1.15,0.845,Dem
160,f,66,16,0.0,Yes,10.4,275.0,1519.0,14.0,14.0,14.5,1.043,0.604,1.646,0.753,Dem
161,m,61,10,1.0,Yes,11.1,333.0,845.0,12.0,13.0,10.5,-0.596,1.083,0.487,-0.624,Dem
162,f,51,19,1.0,No,8.0,252.0,1662.0,17.0,13.0,0.0,-0.131,-1.653,-1.784,-0.281,NC
163,m,71,11,0.0,No,8.0,92.0,1170.0,15.0,13.0,1.5,1.175,-3.3,-2.125,-1.198,MCI
164,f,83,18,0.0,No,22.9,117.0,1267.0,15.0,18.0,0.0,-0.663,-0.17,-0.832,0.461,NC
165,f,76,18,0.0,No,30.1,157.0,1316.0,15.0,15.0,14.5,0.08,-2.505,-2.425,0.603,Dem
166,m,83,10,0.0,Yes,11.5,92.0,1700.0,14.0,14.0,0.5,-1.145,-0.267,-1.412,-0.744,MCI
167,f,53,17,,Yes,22.9,304.0,1174.0,,9.0,0.0,-0.976,0.046,-0.93,-0.778,NC
168,m,89,10,1.0,Yes,18.2,204.0,505.0,21.0,17.0,0.0,1.503,-0.013,1.49,0.048,NC
169,u,86,10,1.0,Yes,29.8,290.0,973.0,19.0,18.0,0.0,1.058,-0.506,0.552,0.675,NC
170,f,65,16,,Yes,9.8,206.0,1281.0,17.0,18.0,2.5,-0.065,0.287,0.223,0.631,MCI
171,m,86,15,0.0,Yes,22.4,216.0,876.0,16.0,14.0,0.0,-0.814,-1.731,-2.545,-1.112,NC
172,m,68,13,2.0,Yes,16.5,274.0,1091.0,14.0,12.0,14.5,-1.368,0.508,-0.86,1.021,Dem
173,u,77,12,2.0,Yes,17.8,98.0,1067.0,16.0,17.0,8.5,0.413,0.741,1.154,0.576,Dem
174,f,54,10,0.0,Yes,8.0,150.0,435.0,,19.0,12.5,0.251,-0.128,0.124,0.023,Dem
175,m,62,17,1.0,Yes,8.0,80.0,1133.0,16.0,14.0,12.5,0.036,0.01,0.046,-1.088,Dem
176,m,84,14,1.0,Yes,31.2,261.0,1470.0,16.0,15.0,10.5,-0.358,-0.204,-0.563,1.091,Dem
177,f,65,14,0.0,No,29.2,80.0,499.0,12.0,16.0,3.5,1.001,-0.9,0.101,1.832,MCI
178,m,85,18,0.0,Yes,34.7,216.0,1700.0,15.0,12.0,11.5,-0.463,-1.172,-1.635,1.227,Dem
179,m,85,20,2.0,Yes,10.9,158.0,1278.0,,15.0,4.5,-0.466,-0.863,-1.329,-0.12,Dem
180,m,85,18,0.0,No,34.7,189.0,1240.0,,13.0,1.5,0.191,0.524,0.715,-0.001,MCI
181,f,50,18,2.0,No,19.3,364.0,1122.0,18.0,15.0,13.5,0.029,-0.521,-0.492,-0.312,Dem
182,m,77,19,0.0,Yes,35.6,80.0,1424.0,,18.0,4.5,0.584,-0.09,0.494,-0.348,Dem
183,f,67,19,0.0,No,8.6,80.0,1530.0,13.0,18.0,15.5,0.983,-0.242,0.741,1.353,Dem
184,u,53,17,2.0,Yes,21.3,192.0,1243.0,8.0,15.0,13.5,0.595,0.656,1.251,-0.03,Dem
185,f,89,17,0.0,No,17.7,85.0,1420.0,11.0,15.0,0.5,-0.664,0.488,-0.176,-0.984,MCI
186,f,81,16,2.0,Yes,11.6,201.0,519.0,14.0,17.0,4.5,-0.844,-0.229,-1.074,0.156,Dem
187,m,59,18,0.0,Yes,21.5,80.0,1357.0,15.0,18.0,0.0,1.788,-2.33,-0.542,1.27,NC
188,f,83,11,,No,12.1,184.0,1563.0,16.0,14.0,2.5,0.304,1.661,1.965,-1.198,MCI
189,u,70,10,,Yes,8.0,180.0,1529.0,10.0,15.0,15.5,-0.022,0.896,0.874,1.089,Dem
190,un,52,14,0.0,No,29.0,176.0,1193.0,11.0,14.0,,0.738,-0.784,-0.046,-1.511,
191,m,69,10,2.0,Yes,28.8,236.0,1399.0,16.0,21.0,9.5,0.164,2.639,2.804,-0.28,Dem
192,m,69,15,0.0,No,12.1,249.0,638.0,8.0,13.0,0.0,-0.355,-0.246,-0.601,0.767,NC
193,f,52,17,0.0,Yes,8.0,324.0,1314.0,,16.0,9.5,-0.409,0.748,0.34,0.626,Dem
194,f,63,11,0.0,Yes,15.7,246.0,1021.0,9.0,21.0,,0.305,1.336,1.641,-0.753,
195,m,64,16,1.0,No,23.5,209.0,576.0,21.0,18.0,5.5,0.46,-0.212,0.248,-0.223,Dem
196,m,59,20,1.0,Yes,36.6,134.0,1379.0,17.0,15.0,3.5,0.933,1.165,2.097,0.154,MCI
197,m,54,19,0.0,Yes,14.6,213.0,1214.0,16.0,12.0,9.5,-0.118,-0.371,-0.489,0.662,Dem
198,f,51,14,2.0,Yes,33.3,226.0,633.0,13.0,14.0,0.0,-1.029,-1.332,-2.361,-0.582,NC
199,m,56,17,1.0,Yes,8.0,80.0,762.0,18.0,18.0,9.5,2.46,0.723,3.183,-0.212,Dem
200,f,85,17,1.0,No,21.1,80.0,1405.0,11.0,18.0,1.5,0.081,-1.654,-1.573,-0.671,MCI
201,m,72,14,1.0,No,8.3,236.0,1585.0,14.0,18.0,0.0,0.303,0.573,0.876,-0.368,NC
202,un,90,18,0.0,No,31.4,109.0,1549.0,13.0,22.0,3.5,0.329,-1.482,-1.153,-1.465,MCI
203,f,62,17,,Yes,22.7,149.0,1367.0,15.0,,16.5,-0.262,-1.047,-1.309,-0.887,Dem
204,f,82,17,1.0,No,17.9,294.0,1305.0,16.0,21.0,0.0,-1.233,0.319,-0.914,-0.122,NC
205,m,67,11,0.0,Yes,14.8,140.0,872.0,17.0,17.0,16.5,0.755,-1.33,-0.575,-0.372,Dem
206,f,74,14,,Yes,27.2,166.0,1189.0,14.0,19.0,12.5,-1.101,-0.327,-1.428,0.198,Dem
207,f,61,15,0.0,Yes,8.0,228.0,1504.0,,,14.5,-1.76,-0.018,-1.778,-2.027,Dem
208,f,66,12,,Yes,23.7,142.0,920.0,17.0,16.0,,-0.081,-0.728,-0.809,0.301,
209,m,85,17,0.0,No,10.5,196.0,549.0,,13.0,1.5,-0.747,0.4,-0.347,1.013,MCI
210,m,61,10,0.0,Yes,8.0,322.0,1326.0,18.0,20.0,9.5,0.581,0.019,0.6,-0.441,Dem
211,f,88,13,0.0,No,17.6,147.0,1130.0,16.0,14.0,13.5,-0.077,-1.095,-1.171,-0.758,Dem
212,f,51,16,1.0,Yes,20.0,164.0,1700.0,20.0,15.0,10.5,0.236,1.283,1.519,-2.37,Dem
213,f,88,15,0.0,No,30.7,255.0,1700.0,10.0,,4.5,-0.331,-0.651,-0.982,-0.308,Dem
214,f,63,17,0.0,Yes,12.6,283.0,877.0,15.0,12.0,0.5,-0.671,-0.698,-1.368,1.715,MCI
215,f,66,10,0.0,No,30.1,365.0,270.0,21.0,14.0,2.5,-0.124,0.129,0.005,-1.137,MCI
216,f,78,10,0.0,No,35.9,93.0,784.0,16.0,17.0,4.5,-0.684,-2.142,-2.826,-0.09,Dem
217,m,89,15,1.0,Yes,29.2,137.0,1084.0,17.0,18.0,0.0,-0.386,0.318,-0.068,-0.082,NC
218,f,83,12,1.0,Yes,16.8,125.0,1277.0,,19.0,14.5,0.618,0.468,1.086,0.243,Dem
219,f,53,14,1.0,Yes,8.0,164.0,629.0,,17.0,6.5,-1.87,0.325,-1.546,-1.262,Dem
220,m,56,20,0.0,Yes,25.8,194.0,1657.0,11.0,16.0,4.5,-0.351,0.288,-0.062,1.003,Dem
221,f,80,13,0.0,Yes,8.0,169.0,1406.0,15.0,13.0,0.0,-0.08,0.285,0.205,0.675,NC
222,f,57,19,2.0,Yes,23.2,122.0,697.0,15.0,17.0,11.5,-1.359,-0.645,-2.004,-0.627,Dem
223,f,64,20,2.0,Yes,33.5,237.0,765.0,17.0,18.0,,0.218,-0.435,-0.217,1.232,
224,m,71,14,0.0,Yes,10.0,309.0,1426.0,16.0,12.0,16.5,0.261,0.575,0.836,-0.438,Dem
225,f,60,20,1.0,Yes,16.2,282.0,897.0,18.0,16.0,17.5,1.741,-2.999,-1.258,-0.653,Dem
226,f,67,16,1.0,Yes,24.9,149.0,1566.0,12.0,12.0,0.0,-0.216,0.551,0.335,0.411,NC
227,f,73,13,2.0,Yes,33.6,203.0,686.0,15.0,17.0,0.5,0.237,-0.171,0.066,-0.08,MCI
228,m,68,20,1.0,Yes,11.2,367.0,1294.0,13.0,18.0,14.5,-1.083,-0.484,-1.567,0.807,Dem
229,m,52,19,1.0,Yes,8.0,397.0,591.0,17.0,14.0,0.0,1.727,-1.204,0.523,0.435,NC
230,f,90,14,0.0,Yes,21.2,113.0,733.0,16.0,17.0,0.0,-2.284,-0.828,-3.113,-0.131,NC
231,m,88,12,0.0,Yes,25.5,80.0,1466.0,17.0,14.0,0.0,0.53,-0.332,0.198,-0.416,NC
232,f,77,14,2.0,Yes,8.0,352.0,1409.0,13.0,15.0,0.0,0.876,-0.598,0.278,0.224,NC
233,m,76,17,1.0,Yes,8.0,130.0,1218.0,15.0,15.0,16.5,-1.696,-0.219,-1.916,2.414,Dem
234,m,76,12,0.0,Yes,29.9,128.0,967.0,13.0,18.0,,0.797,-2.204,-1.408,0.772,
235,u,51,12,0.0,Yes,10.7,103.0,1700.0,13.0,18.0,,-0.947,0.974,0.027,0.349,
236,f,59,14,1.0,Yes,15.8,223.0,859.0,14.0,9.0,2.5,-1.392,1.726,0.334,-0.198,MCI
237,f,76,14,0.0,Yes,8.0,334.0,854.0,16.0,8.0,10.5,1.267,0.826,2.093,-0.668,Dem
238,f,55,19,0.0,Yes,33.7,134.0,824.0,15.0,12.0,3.5,-0.231,0.795,0.563,0.065,MCI
239,m,76,14,2.0,Yes,28.9,139.0,1464.0,14.0,11.0,6.5,0.503,0.808,1.311,1.154,Dem
240,m,79,14,2.0,No,23.9,80.0,961.0,15.0,16.0,,-0.26,-1.09,-1.351,0.076,
241,f,54,13,0.0,Yes,11.4,107.0,1231.0,14.0,13.0,0.0,1.726,-0.055,1.671,-1.039,NC
242,f,80,20,1.0,Yes,32.0,409.0,1627.0,15.0,17.0,3.5,-0.62,-0.16,-0.78,0.391,MCI
243,f,69,12,0.0,Yes,24.2,240.0,827.0,15.0,16.0,0.0,0.096,0.074,0.17,-0.543,NC
244,u,69,11,0.0,Yes,11.0,161.0,894.0,16.0,17.0,14.5,1.443,0.466,1.909,0.506,Dem
245,m,51,18,2.0,Yes,24.9,208.0,1700.0,11.0,13.0,17.5,0.832,-0.632,0.2,-0.58,Dem
246,f,75,18,1.0,Yes,19.3,143.0,1634.0,17.0,13.0,0.0,0.684,-0.424,0.26,-1.924,NC
247,m,52,16,0.0,Yes,27.7,157.0,1489.0,18.0,16.0,2.5,-0.273,-0.254,-0.526,-0.559,MCI
248,m,65,19,1.0,No,28.1,106.0,1340.0,16.0,19.0,0.0,-1.474,-0.733,-2.207,-0.071,NC
249,f,69,18,2.0,Yes,9.6,139.0,1231.0,17.0,14.0,13.5,-1.93,-2.394,-4.323,0.636,Dem
250,f,58,18,0.0,Yes,8.0,279.0,750.0,15.0,,,0.299,-0.545,-0.246,-1.823,
251,m,74,20,2.0,Yes,21.0,173.0,1299.0,13.0,18.0,0.0,-1.341,-0.162,-1.503,-0.29,NC
252,f,81,15,1.0,Yes,31.2,332.0,879.0,19.0,16.0,0.5,-0.215,-0.209,-0.423,-1.208,MCI
253,m,56,15,1.0,No,18.3,278.0,1612.0,13.0,16.0,12.5,-1.217,0.486,-0.73,0.135,Dem
254,m,62,20,,Yes,22.6,172.0,1100.0,15.0,15.0,0.0,0.383,0.241,0.625,0.627,NC
255,f,75,19,1.0,Yes,10.5,80.0,1036.0,15.0,14.0,,0.018,0.661,0.679,1.901,
256,m,74,18,1.0,Yes,18.7,176.0,351.0,22.0,,7.5,-0.02,1.289,1.269,-1.293,Dem
257,m,61,13,1.0,Yes,8.0,94.0,717.0,13.0,20.0,0.0,-0.413,-0.417,-0.83,-1.715,NC
258,m,76,12,0.0,No,18.8,285.0,1700.0,16.0,13.0,0.5,0.641,1.309,1.95,1.508,MCI
259,m,78,12,1.0,Yes,22.2,259.0,1260.0,18.0,15.0,5.5,-0.442,-2.045,-2.488,-0.086,Dem
260,f,90,11,2.0,No,21.9,304.0,1119.0,,16.0,0.0,-0.752,-0.081,-0.833,-1.703,NC
261,f,73,20,1.0,Yes,19.0,278.0,1607.0,19.0,9.0,17.5,-0.245,-1.146,-1.391,-1.314,Dem
262,f,51,19,0.0,No,16.3,88.0,980.0,14.0,13.0,0.0,1.151,-0.539,0.612,-2.555,NC
263,m,82,15,2.0,Yes,26.6,85.0,1700.0,18.0,18.0,16.5,-0.665,1.448,0.783,1.343,Dem
264,f,63,15,1.0,Yes,14.1,188.0,1326.0,13.0,21.0,1.5,-0.984,1.563,0.58,-1.177,MCI
265,m,71,13,0.0,No,25.2,211.0,881.0,17.0,15.0,17.5,0.117,-0.176,-0.06,-0.078,Dem
266,m,64,15,1.0,Yes,8.0,354.0,1604.0,19.0,13.0,12.5,2.278,-1.036,1.242,1.182,Dem
267,m,84,13,0.0,Yes,28.1,169.0,460.0,12.0,12.0,10.5,0.244,1.298,1.543,-0.322,Dem
268,f,68,19,0.0,No,15.5,160.0,311.0,14.0,13.0,0.0,-0.593,-0.973,-1.566,0.321,NC
269,m,66,17,0.0,Yes,8.0,224.0,1492.0,15.0,17.0,,-0.137,-0.355,-0.492,-0.378,
270,f,74,12,0.0,No,21.2,137.0,1700.0,16.0,10.0,10.5,0.516,1.473,1.989,-0.933,Dem
271,m,87,10,0.0,Yes,25.9,226.0,1262.0,12.0,17.0,4.5,-0.298,1.131,0.834,-1.174,Dem
272,f,87,12,1.0,Yes,24.6,267.0,1033.0,13.0,12.0,8.5,-0.853,-0.265,-1.117,0.59,Dem
273,m,89,10,2.0,No,8.0,251.0,1059.0,17.0,15.0,4.5,0.228,-0.22,0.008,-0.032,Dem
274,f,77,13,0.0,Yes,12.2,170.0,814.0,14.0,14.0,10.5,-0.732,-0.067,-0.799,0.158,Dem
275,un,68,13,1.0,No,21.1,115.0,532.0,16.0,14.0,17.5,0.316,1.213,1.529,0.258,Dem
276,f,61,20,0.0,Yes,15.6,283.0,1222.0,19.0,13.0,2.5,1.563,-0.15,1.413,0.07,MCI
277,m,58,11,,Yes,14.7,211.0,1314.0,,18.0,17.5,-0.212,-0.949,-1.161,-1.239,Dem
278,m,76,15,0.0,Yes,20.9,80.0,1408.0,21.0,13.0,12.5,-0.28,-0.16,-0.44,-1.171,Dem
279,f,55,20,0.0,Yes,8.0,297.0,783.0,13.0,14.0,0.0,0.949,2.126,3.075,0.51,NC
280,f,51,19,0.0,Yes,17.7,130.0,686.0,16.0,8.0,14.5,-1.56,-2.019,-3.58,-0.42,Dem
281,f,72,10,1.0,Yes,19.8,346.0,1274.0,15.0,14.0,,0.561,-0.82,-0.259,0.814,
282,u,81,13,0.0,Yes,18.1,145.0,1587.0,14.0,13.0,8.5,-1.118,-0.618,-1.736,-1.624,Dem
283,f,90,13,0.0,Yes,27.2,404.0,1474.0,13.0,12.0,10.5,0.538,0.364,0.902,-0.44,Dem
284,m,89,17,0.0,Yes,49.3,151.0,726.0,17.0,15.0,0.5,0.212,-0.247,-0.035,0.683,MCI
285,f,62,15,0.0,Yes,27.3,359.0,945.0,13.0,10.0,0.0,-0.757,0.216,-0.541,-1.814,NC
286,m,60,14,1.0,Yes,14.7,398.0,1700.0,17.0,17.0,0.0,-0.925,1.397,0.472,1.039,NC
287,m,50,20,2.0,Yes,20.1,228.0,713.0,,15.0,0.5,1.352,1.0,2.352,-0.943,MCI
288,m,70,11,,No,15.4,187.0,1499.0,14.0,22.0,4.5,-0.778,-2.218,-2.995,-2.208,Dem
289,f,57,19,0.0,Yes,17.8,260.0,817.0,16.0,,0.5,0.163,1.529,1.692,-0.849,MCI
290,f,56,15,0.0,Yes,12.0,166.0,1461.0,,,0.5,-2.353,1.815,-0.538,-1.195,MCI
291,m,61,17,0.0,Yes,8.0,427.0,922.0,19.0,13.0,16.5,0.309,-0.856,-0.547,0.367,Dem
292,m,90,17,0.0,Yes,14.2,80.0,1559.0,10.0,17.0,0.0,-0.253,-0.516,-0.77,1.004,NC
293,f,64,18,0.0,No,20.0,274.0,1700.0,,14.0,0.5,1.044,0.856,1.9,0.176,MCI
294,u,58,14,0.0,No,11.3,189.0,612.0,14.0,19.0,9.5,-0.787,-1.098,-1.884,0.418,Dem
295,f,80,10,1.0,No,25.1,120.0,1242.0,10.0,16.0,9.5,-0.352,1.368,1.015,0.33,Dem
296,f,80,14,0.0,No,8.0,359.0,1362.0,18.0,21.0,3.5,1.163,-0.522,0.641,-0.172,MCI
297,f,64,20,0.0,Yes,8.0,194.0,1155.0,16.0,,2.5,-1.93,1.47,-0.46,-0.922,MCI
298,f,75,13,0.0,Yes,20.2,230.0,1700.0,14.0,,3.5,1.652,0.184,1.836,0.535,MCI
299,u,70,11,1.0,Yes,31.4,271.0,1146.0,13.0,16.0,0.0,1.163,1.98,3.142,-0.664,NC
300,m,63,14,0.0,Yes,13.8,80.0,1077.0,18.0,15.0,6.5,0.644,0.159,0.802,-0.357,Dem
301,f,90,20,0.0,No,27.7,108.0,1431.0,16.0,16.0,3.5,-1.224,-0.833,-2.057,-1.116,MCI
302,m,50,15,0.0,Yes,10.7,155.0,1306.0,18.0,16.0,3.5,1.024,0.06,1.084,1.182,MCI
303,f,57,20,1.0,No,27.4,290.0,892.0,15.0,15.0,3.5,0.076,0.336,0.412,0.604,MCI
304,u,60,20,2.0,Yes,25.8,241.0,1681.0,17.0,13.0,13.5,-0.111,1.002,0.891,-0.578,Dem
305,f,51,13,0.0,Yes,33.4,271.0,959.0,,16.0,11.5,-1.45,0.771,-0.679,-0.06,Dem
306,f,76,19,2.0,Yes,8.0,221.0,1135.0,14.0,12.0,0.5,-2.666,-0.112,-2.778,-0.138,MCI
307,m,52,20,2.0,No,9.4,120.0,1333.0,15.0,16.0,0.0,0.122,0.996,1.119,-0.845,NC
308,m,73,17,1.0,Yes,23.7,171.0,1351.0,15.0,16.0,16.5,0.317,0.121,0.438,-0.933,Dem
309,f,64,12,1.0,Yes,24.5,137.0,691.0,14.0,18.0,1.5,2.787,0.487,3.274,0.833,MCI
310,f,84,20,1.0,Yes,18.7,267.0,1119.0,14.0,13.0,11.5,-0.105,-0.549,-0.654,1.254,Dem
311,m,90,13,0.0,Yes,17.0,80.0,1413.0,,,4.5,0.63,0.043,0.674,-1.589,Dem
312,f,58,13,1.0,Yes,8.0,137.0,1437.0,17.0,15.0,0.0,-0.682,-0.428,-1.11,-0.042,NC
313,f,83,18,0.0,Yes,24.0,166.0,886.0,15.0,17.0,0.0,1.051,0.55,1.601,-0.447,NC
314,m,55,11,2.0,Yes,22.3,167.0,1474.0,13.0,16.0,5.5,-0.272,-0.546,-0.818,0.705,Dem
315,f,74,10,1.0,No,8.0,244.0,839.0,17.0,,,1.578,1.935,3.513,-1.0,
316,m,76,13,0.0,Yes,16.7,302.0,428.0,15.0,9.0,15.5,0.337,-2.264,-1.927,-1.865,Dem
317,m,54,14,0.0,Yes,34.5,80.0,1554.0,14.0,14.0,,-0.146,-0.275,-0.42,0.794,
318,f,76,19,0.0,Yes,33.2,250.0,1440.0,15.0,14.0,12.5,0.839,-0.25,0.59,-0.371,Dem
319,f,80,18,0.0,No,14.8,139.0,1700.0,16.0,,0.5,0.892,1.579,2.47,-0.07,MCI
320,m,72,11,0.0,Yes,30.6,80.0,1133.0,15.0,18.0,,0.851,-0.813,0.038,1.691,
321,f,69,18,1.0,No,27.8,410.0,270.0,13.0,,14.5,-0.515,-1.058,-1.573,-0.213,Dem
322,m,58,19,0.0,No,20.6,342.0,1241.0,13.0,11.0,0.0,1.767,-0.037,1.73,-0.886,NC
323,m,60,13,0.0,Yes,37.1,80.0,1430.0,13.0,16.0,0.0,-0.285,0.124,-0.161,0.154,NC
324,f,78,14,2.0,Yes,20.6,176.0,1277.0,20.0,,11.5,-1.083,-0.937,-2.02,-1.411,Dem
325,m,52,19,0.0,Yes,10.6,172.0,1190.0,12.0,20.0,0.0,-0.604,-0.796,-1.4,0.27,NC
326,m,81,11,0.0,Yes,25.7,260.0,320.0,16.0,13.0,,-1.602,1.27,-0.332,1.393,
327,m,58,13,2.0,Yes,31.3,224.0,1577.0,15.0,18.0,2.5,-0.43,-1.631,-2.061,1.27,MCI
328,f,90,11,2.0,Yes,20.4,290.0,946.0,15.0,13.0,11.5,0.263,1.49,1.753,2.593,Dem
329,m,60,20,1.0,No,20.6,366.0,1170.0,17.0,15.0,3.5,-1.747,0.672,-1.075,-2.027,MCI
330,f,83,12,1.0,Yes,22.2,289.0,1700.0,14.0,,0.0,-0.066,-0.544,-0.61,0.263,NC
331,f,77,11,,No,10.8,132.0,1545.0,,18.0,10.5,0.548,1.164,1.712,1.206,Dem
332,m,72,13,0.0,Yes,17.6,203.0,947.0,13.0,19.0,14.5,-0.284,1.088,0.804,-0.32,Dem
333,f,57,13,1.0,Yes,33.2,118.0,644.0,16.0,15.0,0.0,-1.276,0.137,-1.14,-1.204,NC
334,m,66,14,0.0,Yes,8.0,80.0,1700.0,17.0,17.0,7.5,0.389,-0.883,-0.494,-0.497,Dem
335,m,64,14,0.0,Yes,24.0,131.0,521.0,13.0,,1.5,0.143,-0.317,-0.174,0.792,MCI
336,m,50,14,0.0,Yes,20.1,253.0,1700.0,12.0,16.0,14.5,-0.739,-0.464,-1.203,-1.928,Dem
337,f,84,19,0.0,Yes,15.2,345.0,1230.0,13.0,,3.5,-0.626,0.154,-0.472,1.036,MCI
338,m,79,20,0.0,No,9.6,206.0,397.0,,20.0,0.0,0.29,0.443,0.733,-0.265,NC
339,m,61,13,1.0,No,24.2,117.0,1556.0,20.0,11.0,4.5,-1.775,-1.106,-2.881,0.417,Dem
340,f,87,15,1.0,Yes,17.8,124.0,1099.0,18.0,13.0,12.5,-1.412,0.208,-1.205,-2.261,Dem
341,m,66,12,1.0,Yes,8.0,222.0,905.0,16.0,14.0,,0.653,0.899,1.551,0.928,
342,m,76,12,0.0,No,19.8,176.0,1467.0,13.0,13.0,16.5,-0.038,-0.71,-0.748,0.143,Dem
343,f,52,20,2.0,Yes,19.0,80.0,1032.0,16.0,20.0,0.0,-2.483,-1.413,-3.896,-0.228,NC
344,m,81,18,0.0,Yes,18.1,360.0,1315.0,14.0,11.0,1.5,0.489,0.295,0.784,0.716,MCI
345,m,88,15,0.0,Yes,34.8,161.0,483.0,19.0,15.0,0.5,0.475,-0.52,-0.046,-0.695,MCI
346,m,51,19,1.0,Yes,27.7,92.0,1053.0,,14.0,0.5,-0.107,-0.711,-0.818,-1.738,MCI
347,un,63,13,1.0,Yes,21.4,252.0,1290.0,12.0,14.0,0.0,0.925,0.905,1.83,0.318,NC
348,m,74,15,,Yes,35.5,88.0,1700.0,12.0,17.0,0.0,0.865,-0.068,0.798,0.061,NC
349,f,57,19,,Yes,13.6,199.0,1109.0,13.0,13.0,11.5,0.917,0.582,1.499,0.839,Dem
350,m,67,16,0.0,No,32.9,237.0,1038.0,15.0,16.0,3.5,-0.265,0.82,0.555,0.924,MCI
351,m,56,14,2.0,Yes,14.2,238.0,1700.0,22.0,14.0,3.5,0.407,1.253,1.66,-0.445,MCI
352,f,61,14,2.0,Yes,19.2,111.0,1103.0,16.0,,5.5,-0.28,1.089,0.809,-1.218,Dem
353,f,68,19,2.0,No,16.7,250.0,1017.0,19.0,20.0,4.5,1.027,0.037,1.064,0.555,Dem
354,m,80,10,2.0,Yes,27.5,126.0,1022.0,17.0,,3.5,0.931,0.462,1.393,0.417,MCI
355,f,67,16,1.0,No,33.2,179.0,1055.0,,,10.5,1.911,1.795,3.706,0.674,Dem
356,m,77,14,0.0,No,8.0,188.0,924.0,14.0,14.0,,-0.024,-0.503,-0.527,-0.926,
357,f,63,14,0.0,Yes,14.1,313.0,1522.0,14.0,16.0,13.5,-2.034,-0.172,-2.205,-0.153,Dem
358,m,69,20,0.0,Yes,11.3,80.0,1129.0,19.0,11.0,5.5,-2.033,-0.759,-2.792,-0.319,Dem
359,f,78,19,0.0,Yes,33.2,331.0,928.0,20.0,15.0,6.5,-1.476,-1.147,-2.623,-0.301,Dem
360,m,73,11,,No,9.4,171.0,1099.0,16.0,14.0,17.5,-0.945,0.075,-0.87,-0.085,Dem
361,m,70,17,2.0,No,17.1,326.0,1461.0,12.0,13.0,11.5,0.737,-1.619,-0.882,-0.139,Dem
362,f,87,20,2.0,Yes,38.4,175.0,890.0,9.0,15.0,0.0,-1.493,0.465,-1.028,0.67,NC
363,m,87,11,0.0,Yes,27.4,126.0,881.0,17.0,10.0,8.5,-1.167,-1.534,-2.701,0.275,Dem
364,f,90,13,0.0,Yes,28.7,233.0,837.0,15.0,11.0,0.0,-0.497,0.173,-0.324,1.786,NC
365,f,56,14,,Yes,27.8,235.0,270.0,13.0,15.0,12.5,0.552,-1.567,-1.016,1.618,Dem
366,m,53,12,1.0,No,19.2,125.0,1580.0,14.0,20.0,3.5,-0.702,0.41,-0.292,1.593,MCI
367,m,75,19,1.0,Yes,20.7,248.0,717.0,14.0,19.0,6.5,0.743,-0.276,0.468,-0.787,Dem
368,m,75,16,2.0,Yes,18.6,299.0,689.0,16.0,13.0,6.5,-1.17,1.098,-0.072,1.919,Dem
369,f,52,19,2.0,Yes,20.3,80.0,1103.0,16.0,19.0,0.5,0.066,0.71,0.775,-0.733,MCI
370,m,81,17,2.0,Yes,13.4,169.0,1384.0,13.0,17.0,,0.777,0.724,1.501,0.053,
371,m,78,17,1.0,Yes,10.9,199.0,1340.0,,15.0,2.5,-0.132,0.393,0.261,0.954,MCI
372,m,83,10,,Yes,34.5,300.0,513.0,14.0,14.0,0.5,0.05,0.124,0.174,-0.849,MCI
373,m,53,20,0.0,Yes,12.3,300.0,1358.0,,13.0,0.0,-0.901,-0.883,-1.784,0.612,NC
374,m,89,18,2.0,Yes,31.8,279.0,1306.0,21.0,11.0,4.5,0.742,0.761,1.503,1.293,Dem
375,f,51,10,,Yes,22.8,127.0,1383.0,11.0,11.0,,0.3,0.49,0.79,-0.954,
376,f,61,13,0.0,Yes,8.0,211.0,1451.0,17.0,13.0,4.5,-1.779,0.885,-0.894,0.148,Dem
377,m,79,15,0.0,Yes,8.8,80.0,270.0,18.0,,15.5,0.66,-0.953,-0.293,1.232,Dem
378,m,59,11,0.0,Yes,26.0,230.0,1563.0,17.0,9.0,0.5,-0.525,0.648,0.123,1.684,MCI
379,m,73,16,1.0,Yes,33.0,218.0,1387.0,17.0,17.0,0.0,-0.419,1.214,0.795,-0.073,NC
380,f,60,19,0.0,No,13.4,218.0,997.0,,15.0,0.5,-0.43,-1.223,-1.653,0.703,MCI
381,un,56,11,1.0,No,14.5,208.0,1641.0,18.0,15.0,10.5,-1.775,1.263,-0.512,0.247,Dem
382,f,84,14,2.0,Yes,16.7,256.0,1215.0,,16.0,17.5,0.209,-0.973,-0.764,-0.22,Dem
383,f,71,20,0.0,Yes,31.9,80.0,1700.0,,16.0,6.5,-0.781,0.216,-0.565,0.91,Dem
384,un,57,10,0.0,Yes,35.2,291.0,1488.0,14.0,,0.0,0.136,0.81,0.946,-0.333,NC
385,m,74,17,0.0,No,26.4,102.0,1587.0,17.0,11.0,13.5,-0.1,0.022,-0.079,-0.443,Dem
386,m,56,17,1.0,Yes,13.8,177.0,1188.0,18.0,,5.5,1.007,-1.06,-0.052,0.941,Dem
387,f,68,18,,Yes,22.2,164.0,1120.0,16.0,,,-0.786,-0.39,-1.176,0.198,
388,f,84,20,2.0,Yes,32.6,90.0,1169.0,16.0,16.0,4.5,0.243,1.185,1.428,1.522,Dem
389,m,72,15,1.0,No,22.2,142.0,1192.0,13.0,18.0,0.0,-0.671,0.576,-0.095,-0.192,NC
390,u,50,15,2.0,No,12.4,80.0,1252.0,10.0,14.0,1.5,0.673,0.22,0.893,0.544,MCI
391,u,67,16,2.0,Yes,43.8,80.0,1137.0,14.0,17.0,,0.571,1.672,2.244,0.024,
392,f,84,12,2.0,Yes,28.7,292.0,1463.0,14.0,12.0,0.0,0.298,1.062,1.36,-0.209,NC
393,m,83,18,0.0,No,16.7,195.0,1549.0,16.0,13.0,1.5,0.444,0.159,0.603,0.956,MCI
394,f,65,11,1.0,Yes,25.2,199.0,384.0,12.0,,12.5,-1.291,-0.173,-1.464,0.367,Dem
395,m,81,17,1.0,Yes,8.0,291.0,1340.0,14.0,10.0,,1.038,1.703,2.741,0.946,
396,un,56,14,0.0,Yes,9.0,261.0,1256.0,17.0,16.0,12.5,-0.006,0.611,0.604,-0.713,Dem
397,f,76,13,1.0,Yes,32.7,169.0,442.0,11.0,15.0,16.5,-0.817,0.116,-0.701,0.968,Dem
398,m,53,16,0.0,Yes,28.3,141.0,743.0,15.0,11.0,14.5,0.261,-0.706,-0.444,-1.569,Dem
399,u,78,16,0.0,No,39.4,353.0,1128.0,15.0,14.0,,-0.517,-0.08,-0.598,-1.162,
400,f,78,14,,Yes,11.3,80.0,418.0,12.0,11.0,2.5,-0.307,0.524,0.217,-0.656,MCI
401,m,86,14,2.0,Yes,14.8,272.0,1444.0,19.0,16.0,1.5,0.99,-0.456,0.534,-0.831,MCI
402,f,53,10,0.0,Yes,19.4,211.0,1003.0,16.0,18.0,6.5,-1.193,0.77,-0.423,0.581,Dem
403,f,55,20,1.0,Yes,24.4,272.0,1333.0,20.0,13.0,14.5,-0.355,0.087,-0.269,-1.471,Dem
404,f,63,20,0.0,Yes,17.6,270.0,1628.0,18.0,15.0,9.5,1.144,1.094,2.239,-1.299,Dem
405,f,63,16,2.0,Yes,10.7,80.0,1665.0,15.0,9.0,13.5,0.093,-0.029,0.063,-0.415,Dem
406,f,56,15,1.0,Yes,23.5,285.0,1594.0,,14.0,2.5,-0.318,1.373,1.055,0.933,MCI
407,u,83,17,,Yes,14.1,270.0,1024.0,15.0,15.0,0.5,1.126,-0.097,1.029,0.567,MCI
408,f,73,20,0.0,Yes,12.6,290.0,1170.0,19.0,12.0,0.0,-0.584,0.519,-0.065,0.53,NC
409,f,79,17,,No,14.1,85.0,1084.0,14.0,16.0,,-0.151,0.739,0.588,1.524,
410,m,63,15,0.0,No,21.2,339.0,634.0,12.0,16.0,2.5,0.518,-0.511,0.007,-0.563,MCI
411,u,62,14,1.0,Yes,16.1,249.0,1138.0,14.0,15.0,0.0,2.006,0.643,2.649,-0.407,NC
412,m,76,19,0.0,Yes,23.1,268.0,977.0,15.0,17.0,6.5,3.037,0.463,3.5,-0.225,Dem
413,m,54,20,0.0,Yes,17.0,184.0,1188.0,14.0,15.0,7.5,-0.056,-2.052,-2.108,0.14,Dem
414,m,56,17,2.0,Yes,17.9,250.0,1389.0,14.0,13.0,14.5,0.279,3.026,3.305,-0.061,Dem
415,m,90,14,0.0,Yes,16.9,105.0,1438.0,15.0,8.0,13.5,-0.898,0.555,-0.344,0.14,Dem
416,f,76,12,1.0,Yes,16.6,89.0,672.0,16.0,16.0,7.5,-0.697,-0.491,-1.188,2.094,Dem
417,f,70,13,,Yes,19.5,80.0,1452.0,21.0,18.0,8.5,0.306,0.882,1.188,-0.916,Dem
418,f,60,14,1.0,Yes,8.0,105.0,781.0,15.0,9.0,,0.573,1.846,2.419,0.997,
419,m,71,18,1.0,Yes,27.2,111.0,1272.0,16.0,13.0,0.0,-1.114,0.067,-1.047,0.663,NC
420,f,53,10,2.0,Yes,8.0,180.0,1700.0,14.0,14.0,0.5,-0.828,0.712,-0.116,0.989,MCI
421,m,69,13,0.0,Yes,24.0,237.0,905.0,16.0,18.0,12.5,2.202,0.354,2.556,-1.336,Dem
422,m,67,13,0.0,Yes,8.0,245.0,1258.0,24.0,11.0,0.0,-1.622,1.639,0.018,-1.292,NC
423,m,70,14,0.0,Yes,22.0,87.0,1544.0,20.0,,,1.131,-0.506,0.625,1.227,
424,f,76,16,1.0,Yes,12.1,215.0,801.0,12.0,18.0,2.5,-0.065,1.481,1.417,-0.093,MCI
425,f,90,18,0.0,Yes,10.7,231.0,1108.0,17.0,15.0,0.0,0.451,-0.857,-0.406,1.86,NC
426,m,51,14,0.0,No,13.0,149.0,1055.0,17.0,14.0,10.5,-0.229,1.294,1.065,0.957,Dem
427,f,78,15,2.0,Yes,14.6,321.0,349.0,16.0,15.0,14.5,-0.634,0.077,-0.557,0.3,Dem
428,m,72,12,0.0,No,16.7,301.0,785.0,14.0,14.0,7.5,0.444,1.977,2.421,-1.837,Dem
429,f,75,12,0.0,Yes,8.0,169.0,521.0,,15.0,5.5,1.289,-1.303,-0.014,-1.232,Dem
430,m,77,13,1.0,Yes,10.7,278.0,501.0,14.0,17.0,15.5,1.708,-0.342,1.366,-0.512,Dem
431,un,86,16,0.0,Yes,12.4,263.0,995.0,16.0,21.0,3.5,-0.349,-1.098,-1.447,-0.459,MCI
432,un,77,20,0.0,Yes,15.1,204.0,954.0,13.0,14.0,,1.126,-0.921,0.205,-0.694,
433,f,82,20,1.0,Yes,32.5,295.0,1700.0,15.0,16.0,15.5,-1.229,0.321,-0.908,-0.512,Dem
434,m,57,18,,Yes,17.2,259.0,1700.0,14.0,15.0,6.5,0.416,0.066,0.482,1.196,Dem
435,f,57,11,2.0,Yes,30.4,158.0,1227.0,14.0,14.0,1.5,0.618,-0.627,-0.01,-1.142,MCI
436,m,81,17,,No,15.7,218.0,926.0,11.0,13.0,14.5,1.484,1.468,2.951,0.717,Dem
437,un,79,10,2.0,Yes,30.4,288.0,270.0,12.0,12.0,5.5,-0.334,-0.077,-0.412,0.467,Dem
438,m,72,19,1.0,No,11.2,181.0,1333.0,9.0,14.0,7.5,0.112,0.5,0.612,-1.132,Dem
439,f,52,19,0.0,Yes,32.0,157.0,1186.0,13.0,16.0,17.5,-0.337,0.709,0.372,-1.536,Dem
440,f,63,18,1.0,Yes,42.1,198.0,915.0,12.0,,8.5,0.979,-1.094,-0.116,-0.904,Dem
441,m,70,17,0.0,Yes,21.2,280.0,1341.0,12.0,20.0,0.5,0.909,0.15,1.059,0.737,MCI
442,m,50,19,,Yes,18.7,274.0,1173.0,16.0,12.0,1.5,2.495,2.018,4.513,-0.2,MCI
443,m,78,15,2.0,Yes,14.8,231.0,1204.0,14.0,,3.5,0.364,0.632,0.996,-1.013,MCI
444,m,72,12,0.0,Yes,41.0,132.0,842.0,12.0,,2.5,0.46,-1.05,-0.59,1.104,MCI
445,f,90,12,0.0,Yes,28.4,378.0,1676.0,11.0,15.0,0.0,0.898,1.084,1.982,-1.469,NC
446,f,88,20,,Yes,26.9,240.0,836.0,14.0,16.0,1.5,0.279,0.753,1.032,-0.612,MCI
447,m,82,19,0.0,Yes,25.1,215.0,981.0,18.0,13.0,9.5,0.556,1.785,2.341,-0.885,Dem
448,m,79,14,1.0,Yes,20.8,154.0,643.0,13.0,13.0,2.5,-0.271,-0.145,-0.416,0.108,MCI
449,m,72,19,0.0,Yes,11.9,80.0,1328.0,16.0,15.0,1.5,0.698,-0.941,-0.244,-0.046,MCI
450,un,84,20,1.0,Yes,18.6,169.0,490.0,14.0,14.0,6.5,-0.232,-0.795,-1.027,0.028,Dem
451,m,50,13,1.0,Yes,18.5,155.0,1490.0,13.0,14.0,0.0,1.144,0.364,1.508,1.659,NC
452,u,63,14,0.0,Yes,36.7,434.0,1658.0,13.0,14.0,11.5,-0.017,-2.182,-2.199,1.414,Dem
453,m,50,14,1.0,Yes,26.4,166.0,1618.0,12.0,16.0,0.0,-1.855,-0.717,-2.572,1.862,NC
454,f,55,15,0.0,Yes,36.5,188.0,1700.0,18.0,16.0,,0.137,0.634,0.771,1.905,
455,f,61,13,0.0,Yes,30.8,156.0,1576.0,10.0,8.0,11.5,1.278,-0.458,0.82,-0.741,Dem
456,m,77,13,2.0,No,13.3,156.0,717.0,20.0,14.0,4.5,0.016,0.67,0.685,2.995,Dem
457,m,86,16,1.0,Yes,20.6,98.0,922.0,11.0,15.0,0.5,-0.35,-1.184,-1.534,-0.045,MCI
458,f,85,13,,Yes,35.1,217.0,344.0,16.0,15.0,17.5,-0.686,1.374,0.688,-0.496,Dem
459,m,61,11,,Yes,30.0,252.0,1264.0,14.0,16.0,,-0.349,-0.491,-0.84,-0.042,
460,f,85,18,1.0,No,8.0,108.0,1130.0,13.0,12.0,14.5,0.056,-1.143,-1.087,-1.297,Dem
461,m,72,14,0.0,Yes,12.1,80.0,270.0,17.0,15.0,,0.322,-0.134,0.188,-0.169,
462,u,60,19,2.0,No,22.2,80.0,882.0,,14.0,2.5,-0.629,-0.772,-1.401,0.424,MCI
463,m,81,11,2.0,Yes,8.7,304.0,943.0,14.0,17.0,10.5,1.53,0.731,2.261,-0.323,Dem
464,f,71,12,2.0,Yes,18.8,297.0,1276.0,11.0,17.0,9.5,-0.842,0.787,-0.055,1.457,Dem
465,m,59,18,0.0,No,8.0,373.0,769.0,,17.0,17.5,1.213,-0.825,0.388,0.717,Dem
466,un,83,14,0.0,Yes,21.9,173.0,1281.0,19.0,17.0,,-0.665,-1.131,-1.797,-2.865,
467,f,70,15,1.0,No,8.0,219.0,1400.0,11.0,17.0,0.0,1.284,1.242,2.526,1.069,NC
468,m,57,10,1.0,Yes,12.9,80.0,1065.0,16.0,,11.5,-1.159,0.047,-1.112,1.523,Dem
469,f,88,16,1.0,No,31.8,82.0,1605.0,12.0,11.0,8.5,-0.865,-0.102,-0.967,1.317,Dem
470,f,73,16,,Yes,31.9,85.0,369.0,15.0,15.0,0.0,-0.92,-0.291,-1.211,-0.433,NC
471,f,84,17,2.0,Yes,18.3,198.0,1522.0,,13.0,8.5,-0.72,0.578,-0.142,0.037,Dem
472,m,83,20,0.0,No,8.0,351.0,302.0,14.0,13.0,0.5,2.803,1.502,4.306,0.046,MCI
473,f,72,19,2.0,Yes,17.6,209.0,976.0,11.0,14.0,5.5,-0.364,0.037,-0.326,1.855,Dem
474,f,84,11,0.0,Yes,12.8,221.0,1133.0,14.0,18.0,14.5,0.403,-1.551,-1.148,0.118,Dem
475,f,80,11,0.0,Yes,8.0,136.0,1700.0,16.0,15.0,0.0,-1.342,0.084,-1.258,-0.172,NC
476,f,84,12,0.0,Yes,31.9,161.0,1287.0,12.0,13.0,7.5,0.102,-0.829,-0.727,-0.16,Dem
477,m,67,16,0.0,Yes,21.5,153.0,1428.0,19.0,16.0,17.5,0.839,0.81,1.649,2.402,Dem
478,f,54,10,0.0,No,12.4,147.0,847.0,13.0,12.0,5.5,-2.046,-0.235,-2.281,0.468,Dem
479,m,71,19,,Yes,13.4,116.0,1055.0,12.0,18.0,8.5,-0.325,-0.608,-0.934,-0.37,Dem
480,m,65,16,2.0,Yes,29.9,85.0,1575.0,15.0,11.0,9.5,-0.678,1.093,0.415,0.309,Dem
481,un,63,16,1.0,Yes,8.0,332.0,1700.0,12.0,12.0,6.5,0.129,0.274,0.403,0.062,Dem
482,m,84,11,2.0,Yes,24.4,200.0,981.0,14.0,,2.5,0.295,-2.991,-2.697,0.102,MCI
483,f,77,20,0.0,Yes,23.4,143.0,820.0,14.0,10.0,0.0,-1.82,0.45,-1.37,-0.986,NC
484,u,75,19,0.0,Yes,20.8,337.0,1689.0,21.0,17.0,,0.74,0.847,1.587,0.032,
485,f,74,18,0.0,No,10.1,211.0,1115.0,15.0,14.0,7.5,-0.352,-1.012,-1.364,0.242,Dem
486,m,64,16,1.0,Yes,8.0,197.0,882.0,17.0,,0.0,0.123,-0.821,-0.698,0.575,NC
487,m,63,18,2.0,Yes,17.5,205.0,1140.0,18.0,18.0,17.5,0.324,-2.019,-1.695,0.625,Dem
488,m,59,14,1.0,Yes,30.6,260.0,1061.0,12.0,20.0,8.5,1.466,0.039,1.504,-0.277,Dem
489,m,52,10,1.0,Yes,24.7,230.0,1622.0,,13.0,10.5,-1.786,-0.063,-1.849,0.492,Dem
490,f,68,19,0.0,Yes,30.6,243.0,1314.0,15.0,18.0,17.5,0.931,-0.416,0.515,-0.416,Dem
491,f,87,20,0.0,No,9.4,147.0,1503.0,14.0,14.0,1.5,0.621,-0.902,-0.282,-1.181,MCI
492,f,89,10,,No,23.0,152.0,1117.0,17.0,20.0,1.5,0.578,1.662,2.24,-1.776,MCI
493,f,80,12,1.0,No,8.0,324.0,1050.0,18.0,13.0,9.5,-0.015,-0.545,-0.56,-0.755,Dem
494,f,85,20,1.0,Yes,8.0,210.0,1359.0,12.0,15.0,7.5,0.281,0.312,0.593,-0.925,Dem
495,f,82,15,1.0,No,8.8,209.0,655.0,12.0,19.0,6.5,2.051,0.198,2.249,-0.066,Dem
496,f,83,14,1.0,Yes,16.3,162.0,710.0,14.0,18.0,,0.252,0.054,0.306,-0.198,
497,f,88,18,0.0,Yes,20.9,221.0,1283.0,18.0,15.0,1.5,-0.162,0.954,0.793,-0.162,MCI
498,m,86,19,,Yes,29.0,292.0,661.0,16.0,13.0,0.0,-0.296,1.307,1.011,-0.426,NC
499,m,72,11,1.0,No,35.7,80.0,1483.0,14.0,15.0,16.5,-0.72,-0.248,-0.968,0.149,Dem
500,f,86,15,1.0,Yes,8.0,239.0,755.0,15.0,18.0,,0.648,-1.781,-1.133,0.307,
501,f,69,20,1.0,No,25.1,196.0,1454.0,10.0,17.0,5.5,0.24,-0.956,-0.716,0.698,Dem
502,m,50,12,2.0,Yes,26.1,80.0,1700.0,19.0,13.0,3.5,1.201,0.911,2.112,-0.132,MCI
503,un,61,11,0.0,Yes,29.4,80.0,957.0,15.0,11.0,8.5,-0.276,-0.522,-0.799,0.324,Dem
504,f,63,14,2.0,Yes,31.0,199.0,866.0,16.0,12.0,,0.759,1.144,1.903,0.437,
505,m,80,19,0.0,Yes,8.0,166.0,1700.0,20.0,16.0,4.5,-0.01,0.048,0.038,0.394,Dem
506,m,53,14,0.0,No,10.9,151.0,1700.0,17.0,15.0,9.5,-2.323,1.325,-0.998,-0.917,Dem
507,f,56,10,0.0,Yes,13.5,162.0,908.0,14.0,19.0,6.5,-1.362,0.364,-0.998,-0.518,Dem
508,m,69,19,0.0,Yes,8.0,307.0,1076.0,16.0,17.0,,0.056,0.49,0.545,1.637,
509,un,64,14,1.0,Yes,14.3,317.0,819.0,14.0,15.0,13.5,0.456,0.471,0.927,-0.138,Dem
510,f,57,11,2.0,Yes,30.6,111.0,1081.0,16.0,10.0,7.5,1.248,0.324,1.572,0.333,Dem
511,m,83,15,,No,32.0,178.0,1680.0,17.0,13.0,4.5,-1.589,-1.647,-3.237,0.486,Dem
512,m,86,13,0.0,Yes,18.8,180.0,1116.0,13.0,10.0,17.5,-0.943,-0.789,-1.732,-0.546,Dem
513,un,64,13,2.0,Yes,8.0,271.0,901.0,12.0,,5.5,-1.554,0.317,-1.237,0.3,Dem
514,m,68,12,2.0,Yes,12.6,296.0,1694.0,13.0,16.0,16.5,-0.079,-0.323,-0.401,0.684,Dem
515,m,67,16,2.0,Yes,23.7,98.0,800.0,12.0,16.0,17.5,-1.939,0.572,-1.367,-0.259,Dem
516,f,54,17,1.0,Yes,17.3,352.0,1700.0,19.0,10.0,1.5,-0.256,-0.054,-0.311,0.74,MCI
517,m,77,12,1.0,Yes,10.0,269.0,850.0,19.0,14.0,0.0,-0.093,-0.07,-0.164,-1.146,NC
518,m,57,11,0.0,Yes,8.0,404.0,518.0,13.0,,7.5,-0.038,-0.327,-0.364,1.084,Dem
519,un,82,10,1.0,Yes,14.6,177.0,1134.0,15.0,14.0,0.0,0.403,0.441,0.845,0.648,NC
520,m,74,19,2.0,Yes,15.0,80.0,1551.0,18.0,18.0,2.5,-0.487,1.017,0.531,0.148,MCI
521,f,70,20,2.0,Yes,19.2,110.0,1453.0,,13.0,,0.441,1.204,1.645,1.968,
522,m,79,17,2.0,No,8.0,210.0,469.0,13.0,13.0,17.5,1.02,-2.648,-1.629,-0.697,Dem
523,f,60,15,0.0,Yes,8.0,268.0,1618.0,15.0,7.0,0.0,-0.927,-0.72,-1.647,0.907,NC
524,m,55,13,2.0,No,9.6,404.0,1026.0,16.0,18.0,,0.91,0.582,1.493,1.577,
525,f,63,11,1.0,Yes,20.0,310.0,1168.0,15.0,16.0,0.5,-1.433,0.356,-1.077,-1.701,MCI
526,m,59,13,1.0,Yes,22.7,190.0,1090.0,15.0,14.0,13.5,0.176,-1.07,-0.894,0.51,Dem
527,f,58,10,0.0,Yes,32.4,238.0,592.0,16.0,,4.5,0.179,-1.319,-1.14,-0.807,Dem
528,m,54,17,0.0,No,30.6,137.0,1288.0,12.0,13.0,11.5,0.051,-2.155,-2.104,1.744,Dem
529,f,67,16,2.0,Yes,15.0,229.0,1121.0,7.0,17.0,,-0.491,0.45,-0.04,0.558,
530,f,84,18,1.0,Yes,31.3,313.0,824.0,15.0,12.0,2.5,0.969,0.193,1.162,-0.819,MCI
531,m,82,10,0.0,Yes,32.4,220.0,794.0,,15.0,4.5,0.61,-1.683,-1.072,1.74,Dem
532,f,50,19,1.0,Yes,13.4,80.0,1248.0,,16.0,11.5,1.056,-0.846,0.21,0.203,Dem
533,m,90,17,2.0,No,13.5,151.0,1020.0,16.0,14.0,0.5,-1.42,-2.035,-3.455,0.666,MCI
534,m,75,19,0.0,No,16.0,261.0,1251.0,16.0,13.0,13.5,-1.414,1.249,-0.164,-0.884,Dem
535,m,77,13,2.0,Yes,24.6,150.0,1700.0,13.0,13.0,6.5,0.577,0.298,0.875,1.32,Dem
536,f,88,11,0.0,Yes,8.0,302.0,1026.0,14.0,15.0,3.5,-1.01,1.827,0.818,0.031,MCI
537,f,54,12,,No,28.8,282.0,1622.0,,10.0,3.5,-0.558,-0.148,-0.707,-0.19,MCI
538,m,61,10,2.0,Yes,8.0,96.0,1108.0,,16.0,11.5,0.917,1.183,2.1,-2.39,Dem
539,f,52,18,,Yes,25.2,244.0,1240.0,11.0,15.0,2.5,-0.07,0.195,0.125,1.374,MCI
540,f,57,15,,Yes,11.9,161.0,1217.0,9.0,13.0,0.0,-1.044,-0.205,-1.249,-1.139,NC
541,f,59,14,0.0,Yes,14.3,80.0,1543.0,16.0,11.0,5.5,0.926,0.989,1.915,0.325,Dem
542,m,74,20,0.0,Yes,8.0,177.0,1700.0,13.0,13.0,,-0.05,-1.202,-1.251,-0.269,
543,f,61,20,2.0,Yes,24.4,261.0,475.0,17.0,13.0,,-0.133,1.095,0.962,-0.693,
544,f,71,10,0.0,No,14.1,223.0,744.0,18.0,17.0,0.0,1.356,-1.424,-0.067,-0.906,NC
545,m,67,17,,Yes,13.0,254.0,1011.0,21.0,19.0,8.5,1.309,0.922,2.231,1.262,Dem
546,un,88,12,1.0,Yes,19.9,225.0,1700.0,18.0,16.0,12.5,0.403,0.273,0.677,0.805,Dem
547,m,88,18,,Yes,32.2,284.0,834.0,15.0,,2.5,-1.256,-1.354,-2.61,-2.577,MCI
548,f,83,11,0.0,Yes,33.8,220.0,1161.0,12.0,13.0,3.5,-1.487,2.239,0.752,-0.347,MCI
549,m,68,10,0.0,Yes,8.1,265.0,1005.0,16.0,15.0,0.0,2.148,-0.991,1.157,-0.558,NC
550,m,71,15,0.0,Yes,23.2,221.0,1580.0,8.0,12.0,0.0,-0.452,-1.439,-1.891,1.829,NC
551,m,64,10,0.0,Yes,8.6,181.0,975.0,15.0,16.0,14.5,0.141,-1.287,-1.146,0.759,Dem
552,un,79,16,,Yes,20.7,342.0,671.0,12.0,16.0,5.5,0.885,0.581,1.466,-0.106,Dem
553,f,61,15,0.0,Yes,13.8,145.0,779.0,,9.0,8.5,0.696,-0.505,0.191,-1.41,Dem
554,f,61,12,,Yes,8.0,193.0,722.0,21.0,15.0,3.5,0.332,0.812,1.144,-0.191,MCI
555,u,58,15,0.0,Yes,31.4,80.0,1004.0,14.0,11.0,12.5,1.364,-1.353,0.01,-0.002,Dem
556,f,83,17,1.0,Yes,18.5,80.0,949.0,20.0,18.0,5.5,0.773,-0.957,-0.184,0.491,Dem
557,f,70,12,1.0,No,10.7,252.0,848.0,17.0,19.0,16.5,-1.432,-0.01,-1.442,-0.404,Dem
558,u,74,19,0.0,Yes,25.7,140.0,857.0,16.0,21.0,16.5,0.486,-1.363,-0.877,-0.056,Dem
559,m,75,11,1.0,Yes,8.0,215.0,1129.0,15.0,12.0,8.5,0.056,0.921,0.977,0.499,Dem
560,un,89,12,0.0,No,31.7,250.0,1101.0,15.0,14.0,0.5,-0.218,-0.052,-0.27,1.612,MCI
561,un,50,12,1.0,Yes,16.5,182.0,363.0,,17.0,4.5,-1.306,0.566,-0.74,1.09,Dem
562,m,64,13,1.0,Yes,21.6,343.0,1564.0,15.0,17.0,16.5,0.609,0.606,1.216,-1.372,Dem
563,f,74,18,1.0,No,17.4,226.0,1229.0,9.0,15.0,0.0,1.207,-0.95,0.256,0.275,NC
564,f,55,17,0.0,Yes,8.0,300.0,1128.0,10.0,12.0,15.5,-0.412,-1.029,-1.441,-0.886,Dem
565,f,54,15,,Yes,25.3,169.0,1397.0,15.0,14.0,1.5,-2.68,1.085,-1.594,-0.284,MCI
566,m,62,19,0.0,Yes,36.9,80.0,1322.0,14.0,,11.5,1.26,0.515,1.776,-1.111,Dem
567,m,54,18,0.0,Yes,16.1,80.0,1217.0,22.0,15.0,10.5,0.186,-0.759,-0.572,-0.593,Dem
568,m,81,11,1.0,No,32.7,177.0,1581.0,11.0,,17.5,1.342,0.467,1.81,0.218,Dem
569,f,75,19,0.0,No,37.4,254.0,1700.0,13.0,13.0,14.5,-0.109,0.48,0.371,0.065,Dem
570,m,64,19,0.0,Yes,20.6,224.0,940.0,15.0,17.0,,-0.553,-1.279,-1.832,0.412,
571,m,74,13,2.0,Yes,8.0,191.0,1391.0,12.0,14.0,,0.442,-0.747,-0.305,1.316,
572,m,78,11,0.0,Yes,27.4,194.0,891.0,13.0,19.0,7.5,-1.852,2.222,0.37,1.44,Dem
573,un,90,20,0.0,Yes,8.8,113.0,1129.0,17.0,16.0,14.5,-0.309,0.331,0.022,-1.017,Dem
574,u,69,18,0.0,No,17.2,232.0,1700.0,12.0,18.0,0.0,1.18,0.255,1.435,-1.446,NC
575,m,88,12,2.0,Yes,33.4,296.0,1224.0,17.0,17.0,1.5,1.505,0.342,1.846,1.951,MCI
576,f,60,13,0.0,No,20.9,192.0,1048.0,17.0,12.0,8.5,0.927,-0.841,0.086,0.18,Dem
577,m,73,18,0.0,No,38.7,88.0,1523.0,15.0,18.0,17.5,-0.359,0.205,-0.153,1.127,Dem
578,m,82,18,,Yes,9.3,139.0,799.0,17.0,11.0,14.5,-0.827,0.117,-0.709,-0.658,Dem
579,m,90,13,0.0,Yes,25.1,175.0,1165.0,15.0,17.0,8.5,-0.309,1.675,1.367,-0.886,Dem
580,m,68,16,2.0,Yes,17.8,86.0,1061.0,11.0,15.0,1.5,-0.934,-0.981,-1.915,-0.584,MCI
581,m,73,16,1.0,Yes,19.9,80.0,1576.0,16.0,18.0,4.5,-0.612,-0.052,-0.665,0.701,Dem
582,m,90,15,1.0,Yes,8.0,170.0,1406.0,17.0,18.0,1.5,-0.134,-0.185,-0.319,-0.633,MCI
583,f,76,16,0.0,Yes,22.1,87.0,1343.0,11.0,12.0,0.0,-0.704,-0.694,-1.398,-1.82,NC
584,m,76,17,1.0,Yes,9.3,80.0,1171.0,17.0,16.0,,-1.232,-0.476,-1.708,0.384,
585,un,81,10,2.0,Yes,20.3,163.0,1397.0,14.0,8.0,14.5,-0.711,-1.613,-2.324,1.464,Dem
586,m,78,19,2.0,No,24.3,196.0,1079.0,12.0,23.0,7.5,-1.349,-0.407,-1.756,1.505,Dem
587,f,67,19,0.0,Yes,27.8,119.0,1099.0,,11.0,11.5,1.115,-0.395,0.719,0.491,Dem
588,f,72,16,0.0,Yes,13.3,252.0,853.0,19.0,16.0,11.5,-1.417,1.685,0.268,2.261,Dem
589,m,76,11,,Yes,37.4,320.0,863.0,15.0,18.0,,0.207,-0.948,-0.74,1.178,
590,f,56,11,0.0,Yes,14.1,141.0,1418.0,13.0,,3.5,-1.726,-0.557,-2.282,-0.315,MCI
591,un,59,15,0.0,No,27.0,123.0,1293.0,6.0,15.0,0.0,-0.338,1.497,1.159,0.957,NC
592,f,55,20,2.0,Yes,19.5,80.0,1149.0,18.0,,0.0,-0.518,0.558,0.04,0.467,NC
593,un,71,14,1.0,Yes,28.9,137.0,998.0,16.0,16.0,12.5,0.207,-2.648,-2.441,0.742,Dem
594,f,52,18,0.0,Yes,31.6,80.0,1101.0,14.0,14.0,0.0,1.393,0.652,2.045,-0.513,NC
595,f,58,17,0.0,Yes,8.3,263.0,1252.0,16.0,11.0,0.0,1.694,-0.732,0.962,2.818,NC
596,f,61,13,2.0,Yes,42.3,328.0,1245.0,15.0,16.0,,-0.879,0.532,-0.347,0.511,
597,f,57,14,0.0,Yes,17.2,209.0,894.0,15.0,14.0,9.5,0.04,-1.146,-1.106,-0.985,Dem
598,m,58,12,2.0,Yes,30.6,80.0,270.0,17.0,16.0,0.0,1.265,-0.055,1.21,-0.944,NC
599,m,56,20,0.0,Yes,8.0,80.0,270.0,,,12.5,0.135,-0.064,0.071,-0.204,Dem
600,f,81,10,1.0,Yes,25.0,177.0,270.0,16.0,16.0,1.5,0.765,-0.437,0.328,-0.475,MCI
601,m,54,19,0.0,No,8.0,250.0,1700.0,,16.0,1.5,-0.023,1.617,1.594,0.159,MCI
602,m,56,14,2.0,Yes,15.5,253.0,1213.0,19.0,11.0,4.5,-0.485,1.483,0.998,-0.835,Dem
603,f,62,18,1.0,No,38.7,96.0,925.0,21.0,15.0,0.0,-0.304,0.251,-0.054,0.802,NC
604,m,74,15,2.0,No,12.3,224.0,840.0,14.0,17.0,1.5,-0.137,-1.559,-1.696,0.992,MCI
605,m,67,20,0.0,Yes,14.2,239.0,889.0,12.0,15.0,0.0,0.117,-0.095,0.022,-2.063,NC
606,m,60,11,2.0,Yes,50.1,236.0,270.0,15.0,17.0,4.5,0.802,1.161,1.963,0.879,Dem
607,f,74,16,1.0,Yes,8.0,134.0,1238.0,16.0,16.0,3.5,-0.47,-0.076,-0.546,1.554,MCI
608,m,65,17,0.0,Yes,18.1,88.0,1502.0,18.0,12.0,12.5,0.272,0.686,0.959,-0.378,Dem
609,m,84,13,2.0,Yes,18.8,308.0,997.0,11.0,16.0,17.5,0.284,0.313,0.597,-0.779,Dem
610,u,50,16,1.0,Yes,8.1,117.0,1318.0,14.0,11.0,0.0,-0.246,-0.232,-0.479,-0.267,NC
611,f,71,13,2.0,Yes,27.8,164.0,1160.0,16.0,15.0,3.5,0.658,0.202,0.86,-1.272,MCI
612,m,74,14,1.0,Yes,17.7,286.0,1506.0,,17.0,1.5,0.467,-2.176,-1.709,-1.413,MCI
613,m,90,17,1.0,Yes,35.1,116.0,1592.0,19.0,18.0,8.5,0.75,0.69,1.44,0.367,Dem
614,m,85,20,0.0,Yes,23.9,231.0,739.0,12.0,17.0,0.0,-0.845,1.308,0.463,0.309,NC
615,m,74,15,0.0,Yes,34.8,80.0,537.0,17.0,15.0,,0.653,-0.663,-0.01,1.291,
616,m,79,16,2.0,Yes,10.2,362.0,408.0,,19.0,9.5,-0.536,-0.186,-0.721,0.584,Dem
617,m,80,12,0.0,Yes,21.8,188.0,828.0,15.0,,0.0,-0.509,0.523,0.015,1.053,NC
618,f,56,10,0.0,Yes,21.2,127.0,942.0,15.0,14.0,,1.235,1.124,2.359,2.24,
619,f,52,16,1.0,Yes,19.4,188.0,1184.0,,16.0,1.5,-0.342,0.593,0.252,-0.152,MCI
620,m,56,16,0.0,Yes,31.2,143.0,1012.0,17.0,19.0,9.5,-0.78,1.531,0.751,0.373,Dem
621,m,69,12,0.0,Yes,8.0,158.0,1093.0,20.0,14.0,1.5,1.409,0.895,2.304,0.738,MCI
622,m,85,10,1.0,Yes,21.8,103.0,1025.0,16.0,10.0,15.5,1.4,1.3,2.699,-0.585,Dem
623,f,58,12,1.0,Yes,8.0,395.0,1191.0,,11.0,11.5,0.596,0.681,1.277,0.035,Dem
624,m,53,18,0.0,Yes,25.7,338.0,1700.0,16.0,16.0,12.5,1.334,0.874,2.207,0.215,Dem
625,f,65,10,1.0,Yes,38.3,225.0,1242.0,,19.0,0.0,0.665,1.313,1.977,1.073,NC
626,f,80,11,0.0,Yes,22.9,125.0,1127.0,18.0,13.0,11.5,0.861,-0.128,0.732,0.985,Dem
627,f,77,18,0.0,No,8.0,298.0,1700.0,14.0,20.0,10.5,-0.522,-1.484,-2.006,-0.132,Dem
628,m,88,20,0.0,No,8.0,148.0,596.0,,14.0,9.5,1.112,0.402,1.513,-1.429,Dem
629,m,57,15,0.0,Yes,18.1,267.0,1295.0,18.0,,16.5,-0.787,-0.576,-1.363,0.24,Dem
630,m,54,11,0.0,Yes,27.2,110.0,1067.0,16.0,16.0,15.5,-2.02,1.579,-0.442,-0.104,Dem
631,f,70,18,1.0,Yes,36.3,172.0,1570.0,14.0,14.0,0.0,-0.555,-1.488,-2.044,-1.586,NC
632,f,77,17,0.0,No,8.0,292.0,1425.0,12.0,,0.5,-0.097,-0.066,-0.163,0.052,MCI
633,m,63,11,1.0,Yes,16.9,218.0,1287.0,16.0,14.0,10.5,0.653,0.589,1.242,0.262,Dem
634,m,80,10,,Yes,8.0,202.0,667.0,16.0,13.0,2.5,0.152,0.278,0.43,-1.809,MCI
635,m,88,13,2.0,Yes,11.9,163.0,1700.0,16.0,14.0,3.5,-0.757,0.461,-0.295,-1.035,MCI
636,f,62,19,2.0,No,10.6,150.0,1017.0,14.0,12.0,6.5,-0.864,0.036,-0.829,-0.887,Dem
637,m,64,11,1.0,Yes,13.9,317.0,1478.0,10.0,15.0,14.5,0.289,-0.179,0.11,-0.042,Dem
638,f,87,10,2.0,Yes,27.3,156.0,646.0,,11.0,2.5,0.667,-0.771,-0.104,-0.935,MCI
639,f,51,19,,Yes,29.8,324.0,1700.0,,17.0,4.5,-0.381,0.282,-0.099,-1.048,Dem
640,f,63,19,1.0,Yes,36.1,113.0,654.0,17.0,13.0,5.5,-0.411,0.917,0.505,0.815,Dem
641,m,66,20,1.0,Yes,24.6,113.0,1700.0,17.0,16.0,6.5,-0.508,-0.881,-1.388,-1.397,Dem
642,m,76,16,0.0,Yes,20.9,80.0,650.0,15.0,17.0,3.5,-0.136,-0.254,-0.391,-0.244,MCI
643,f,69,10,0.0,Yes,8.0,145.0,1180.0,15.0,,0.0,-0.603,-2.033,-2.636,-0.497,NC
644,m,64,20,0.0,Yes,25.0,196.0,1700.0,16.0,13.0,3.5,-0.691,0.893,0.201,0.59,MCI
645,m,60,11,0.0,Yes,19.4,139.0,1192.0,14.0,14.0,4.5,-0.122,0.31,0.188,-0.014,Dem
646,f,70,19,0.0,No,8.0,249.0,1194.0,11.0,14.0,0.0,-0.193,-0.511,-0.704,0.912,NC
647,f,79,15,1.0,Yes,27.4,233.0,1396.0,17.0,,11.5,0.248,0.141,0.389,0.152,Dem
648,f,55,12,1.0,No,30.7,278.0,1541.0,12.0,16.0,10.5,0.402,1.001,1.403,0.882,Dem
649,m,77,20,0.0,Yes,28.0,149.0,1700.0,12.0,16.0,0.0,3.944,-0.473,3.471,-0.977,NC
650,f,59,15,2.0,No,8.0,225.0,1208.0,18.0,,1.5,1.733,-0.283,1.45,0.688,MCI
651,f,84,17,1.0,Yes,23.1,286.0,1092.0,16.0,19.0,13.5,1.542,0.12,1.661,0.23,Dem
652,f,60,11,0.0,Yes,23.2,184.0,986.0,14.0,14.0,3.5,0.357,1.184,1.542,0.137,MCI
653,f,69,20,0.0,Yes,8.0,175.0,1435.0,11.0,13.0,1.5,-0.923,-1.019,-1.942,0.992,MCI
654,m,63,14,1.0,Yes,18.6,252.0,961.0,16.0,,0.5,0.447,0.799,1.245,0.216,MCI
655,f,80,13,2.0,No,9.3,80.0,980.0,13.0,15.0,16.5,1.791,-1.107,0.684,-0.101,Dem
656,f,54,13,2.0,Yes,19.8,189.0,781.0,18.0,15.0,0.0,-0.445,0.143,-0.303,1.553,NC
657,u,87,10,1.0,No,29.7,221.0,1276.0,15.0,14.0,3.5,1.373,-2.317,-0.944,0.288,MCI
658,m,81,15,0.0,No,31.0,102.0,839.0,13.0,15.0,16.5,-1.984,-0.146,-2.13,1.331,Dem
659,m,75,20,1.0,Yes,18.7,130.0,1026.0,18.0,17.0,0.5,1.739,-0.67,1.069,-1.691,MCI
660,m,70,14,,No,25.1,200.0,1700.0,13.0,13.0,10.5,0.226,1.988,2.214,-0.221,Dem
661,f,58,17,0.0,Yes,17.4,220.0,1097.0,14.0,14.0,15.5,0.132,0.024,0.156,3.494,Dem
662,u,57,11,,No,30.0,123.0,553.0,11.0,14.0,12.5,-1.706,-0.011,-1.717,0.797,Dem
663,m,50,14,0.0,Yes,17.6,120.0,1576.0,12.0,13.0,0.0,-0.025,1.458,1.433,-0.581,NC
664,f,51,11,2.0,Yes,26.2,80.0,1328.0,20.0,16.0,10.5,0.362,1.364,1.727,0.151,Dem
665,m,62,11,2.0,No,27.9,247.0,1087.0,12.0,15.0,14.5,0.269,0.396,0.665,0.622,Dem
666,m,90,15,0.0,Yes,21.5,137.0,1291.0,13.0,15.0,,0.725,0.38,1.105,-0.761,
667,m,73,10,1.0,Yes,9.5,176.0,1430.0,17.0,17.0,12.5,0.373,-0.471,-0.098,1.299,Dem
668,f,72,10,2.0,Yes,17.9,136.0,1433.0,12.0,18.0,0.0,0.005,-0.095,-0.09,-0.814,NC
669,m,57,15,2.0,Yes,24.1,196.0,1080.0,,15.0,3.5,0.595,-1.485,-0.89,-2.014,MCI
670,m,79,17,2.0,Yes,22.5,104.0,1689.0,18.0,14.0,0.0,-1.399,-0.595,-1.994,0.637,NC
671,f,59,14,2.0,Yes,31.0,149.0,1505.0,16.0,14.0,0.0,-0.405,0.267,-0.139,0.184,NC
672,f,62,15,,Yes,27.7,193.0,664.0,16.0,18.0,4.5,0.098,-0.331,-0.233,1.175,Dem
673,m,50,16,,Yes,30.1,237.0,1474.0,18.0,16.0,10.5,1.328,-1.626,-0.298,-0.559,Dem
674,m,68,20,1.0,Yes,26.7,189.0,752.0,,12.0,8.5,-0.085,0.484,0.4,0.605,Dem
675,f,59,19,,No,25.1,326.0,1174.0,16.0,17.0,10.5,-0.323,-1.408,-1.732,0.023,Dem
676,m,89,20,0.0,Yes,15.0,80.0,660.0,14.0,13.0,,0.368,-0.947,-0.579,1.644,
677,f,65,15,0.0,No,37.9,374.0,730.0,14.0,19.0,8.5,-1.061,-0.215,-1.276,0.794,Dem
678,u,66,11,0.0,No,28.5,132.0,633.0,15.0,18.0,11.5,-1.544,-0.274,-1.817,1.046,Dem
679,m,73,16,1.0,No,8.0,324.0,967.0,17.0,22.0,0.0,0.152,2.172,2.324,1.327,NC
680,f,77,14,1.0,Yes,9.5,80.0,1028.0,,16.0,12.5,-0.574,-1.966,-2.54,-0.252,Dem
681,m,53,11,1.0,Yes,15.7,223.0,1553.0,9.0,17.0,10.5,0.99,0.537,1.527,0.407,Dem
682,m,59,16,2.0,No,8.0,157.0,1246.0,14.0,17.0,16.5,-0.248,-2.388,-2.637,-0.403,Dem
683,f,58,14,0.0,No,21.1,144.0,1096.0,16.0,16.0,0.0,-0.575,0.775,0.2,0.885,NC
684,m,62,17,0.0,No,35.2,93.0,1278.0,14.0,15.0,13.5,-0.036,0.532,0.496,-0.835,Dem
685,m,57,12,1.0,Yes,49.4,199.0,908.0,11.0,14.0,5.5,0.21,0.687,0.897,-0.674,Dem
686,un,57,18,0.0,Yes,8.0,251.0,713.0,,15.0,16.5,-0.394,1.479,1.086,0.879,Dem
687,m,63,15,0.0,No,16.3,223.0,1075.0,15.0,16.0,1.5,-0.674,0.339,-0.335,-1.872,MCI
688,un,65,10,0.0,No,8.0,270.0,1700.0,16.0,13.0,15.5,1.185,0.559,1.744,-0.124,Dem
689,u,65,20,,No,30.1,88.0,1078.0,13.0,13.0,14.5,-2.407,-1.156,-3.564,-1.557,Dem
690,m,65,17,1.0,Yes,10.4,271.0,1043.0,,14.0,1.5,-1.203,-0.493,-1.696,-1.35,MCI
691,m,85,10,2.0,Yes,15.2,204.0,1700.0,12.0,13.0,16.5,-0.674,0.715,0.041,3.197,Dem
692,m,79,14,2.0,Yes,16.5,292.0,1646.0,17.0,14.0,12.5,-0.077,-0.392,-0.469,-1.071,Dem
693,f,70,10,2.0,Yes,10.1,190.0,412.0,17.0,19.0,15.5,-0.447,1.293,0.846,1.385,Dem
694,un,80,19,0.0,Yes,29.4,296.0,1560.0,11.0,14.0,16.5,-0.538,0.299,-0.239,1.567,Dem
695,f,53,13,,Yes,22.4,124.0,1636.0,17.0,18.0,14.5,-0.252,0.103,-0.148,0.284,Dem
696,f,59,10,0.0,No,18.3,439.0,891.0,16.0,11.0,,1.322,1.943,3.266,2.072,
697,f,54,16,0.0,Yes,11.8,294.0,1160.0,14.0,14.0,4.5,2.091,1.393,3.483,-0.842,Dem
698,f,61,10,0.0,Yes,30.3,199.0,1417.0,14.0,13.0,1.5,0.663,-0.067,0.596,0.294,MCI
699,m,85,16,0.0,Yes,24.8,302.0,782.0,18.0,17.0,11.5,0.108,0.171,0.279,0.1,Dem
700,f,77,18,,Yes,8.0,93.0,870.0,14.0,19.0,0.0,-0.62,0.682,0.062,-1.003,NC
701,f,77,11,0.0,No,26.3,249.0,1700.0,13.0,13.0,1.5,-2.765,1.767,-0.998,2.145,MCI
702,u,62,12,1.0,Yes,8.0,80.0,991.0,,16.0,2.5,0.942,-0.116,0.826,-1.664,MCI
703,f,51,15,0.0,Yes,23.0,202.0,1295.0,19.0,17.0,5.5,-1.034,0.258,-0.776,0.601,Dem
704,m,87,12,2.0,Yes,21.4,133.0,1450.0,9.0,10.0,0.0,-0.3,-0.147,-0.447,-0.87,NC
705,u,60,16,2.0,Yes,38.9,95.0,927.0,,,3.5,1.65,0.099,1.749,0.594,MCI
706,m,50,16,0.0,Yes,8.0,226.0,1019.0,,,7.5,0.119,-0.098,0.021,-0.505,Dem
707,m,80,15,0.0,Yes,8.0,185.0,492.0,17.0,16.0,,-0.269,1.919,1.65,0.011,
708,m,79,16,2.0,Yes,29.5,191.0,627.0,13.0,17.0,16.5,-1.186,-0.148,-1.334,-1.398,Dem
709,f,78,15,,Yes,16.9,249.0,1065.0,15.0,14.0,0.0,-0.879,-1.318,-2.197,0.609,NC
710,m,73,14,1.0,No,23.3,244.0,862.0,17.0,19.0,1.5,0.113,2.024,2.137,0.722,MCI
711,m,70,12,1.0,Yes,31.4,174.0,1692.0,13.0,15.0,11.5,-0.261,0.557,0.297,-2.563,Dem
712,f,61,13,,Yes,9.0,95.0,1528.0,13.0,14.0,2.5,-2.406,-0.095,-2.501,-0.469,MCI
713,f,72,13,1.0,Yes,16.1,228.0,879.0,14.0,13.0,4.5,0.858,-0.175,0.684,-0.262,Dem
714,f,89,18,1.0,Yes,10.9,80.0,904.0,14.0,14.0,0.0,0.462,1.46,1.922,-0.682,NC
715,f,89,20,2.0,Yes,16.7,80.0,1700.0,16.0,13.0,4.5,1.046,1.514,2.56,-0.957,Dem
716,m,79,16,1.0,Yes,23.4,138.0,898.0,13.0,17.0,5.5,-1.051,0.48,-0.571,1.361,Dem
717,m,69,12,0.0,Yes,25.5,90.0,1463.0,15.0,15.0,0.0,0.509,0.19,0.699,0.078,NC
718,u,51,12,1.0,Yes,23.5,179.0,1160.0,16.0,15.0,3.5,1.443,0.704,2.147,-0.76,MCI
719,m,72,17,0.0,No,25.9,345.0,1046.0,19.0,17.0,13.5,-0.33,1.351,1.022,0.075,Dem
720,un,72,20,1.0,No,22.2,284.0,1265.0,18.0,13.0,11.5,-1.885,-0.574,-2.458,0.272,Dem
721,m,56,16,0.0,Yes,33.9,428.0,1700.0,17.0,7.0,15.5,0.368,-1.12,-0.752,0.631,Dem
722,f,74,10,1.0,Yes,26.1,181.0,1700.0,18.0,17.0,0.0,0.428,0.178,0.607,0.679,NC
723,m,52,11,0.0,Yes,9.8,241.0,1096.0,17.0,12.0,0.0,-0.898,-1.104,-2.001,0.4,NC
724,un,88,17,,Yes,8.0,148.0,1256.0,13.0,18.0,2.5,-1.093,-0.354,-1.448,-2.109,MCI
725,f,65,18,2.0,Yes,26.9,327.0,1225.0,14.0,12.0,11.5,-0.613,1.55,0.937,0.805,Dem
726,f,60,19,0.0,No,36.1,80.0,1053.0,16.0,16.0,,-0.841,0.612,-0.229,-0.358,
727,m,64,14,1.0,Yes,9.5,218.0,823.0,11.0,16.0,3.5,-1.674,-0.801,-2.475,-1.624,MCI
728,m,78,15,1.0,Yes,26.9,117.0,1700.0,,11.0,0.0,0.935,0.94,1.875,-0.774,NC
729,un,50,13,1.0,Yes,21.9,342.0,1064.0,15.0,16.0,4.5,-2.115,1.262,-0.854,-0.077,Dem
730,f,67,15,0.0,Yes,29.2,80.0,1297.0,19.0,15.0,4.5,-0.672,-0.853,-1.526,-1.035,Dem
731,m,81,13,0.0,Yes,8.2,107.0,1351.0,,16.0,0.0,1.773,1.461,3.234,0.75,NC
732,m,54,18,1.0,No,16.8,80.0,983.0,15.0,19.0,5.5,0.487,0.996,1.483,-0.003,Dem
733,f,57,20,1.0,Yes,8.0,128.0,1055.0,17.0,20.0,13.5,1.139,0.814,1.952,-0.274,Dem
734,f,69,12,0.0,Yes,37.2,224.0,715.0,15.0,11.0,0.0,0.363,-1.591,-1.228,-0.058,NC
735,f,59,12,0.0,Yes,11.7,275.0,655.0,18.0,19.0,3.5,1.068,0.203,1.272,1.743,MCI
736,f,67,10,0.0,Yes,8.0,261.0,1087.0,19.0,11.0,11.5,-0.469,2.074,1.605,0.136,Dem
737,m,66,19,1.0,No,18.6,184.0,276.0,14.0,,2.5,0.057,1.127,1.184,0.69,MCI
738,m,78,14,2.0,No,8.0,160.0,820.0,13.0,14.0,,-0.908,0.378,-0.53,0.021,
739,f,50,19,0.0,Yes,23.7,162.0,817.0,11.0,,7.5,0.265,0.981,1.246,0.087,Dem
740,f,63,17,0.0,Yes,48.0,104.0,751.0,16.0,14.0,0.0,-0.541,0.6,0.059,-1.57,NC
741,f,90,12,0.0,No,8.0,81.0,1147.0,17.0,18.0,1.5,0.661,-1.563,-0.902,-0.494,MCI
742,f,68,15,,No,35.1,309.0,1538.0,22.0,20.0,,0.556,-2.098,-1.542,0.62,
743,m,75,17,,Yes,33.7,120.0,687.0,15.0,8.0,17.5,-0.445,-0.46,-0.905,-1.366,Dem
744,f,51,17,0.0,Yes,15.3,164.0,1219.0,19.0,22.0,14.5,0.321,-0.906,-0.585,-0.267,Dem
745,f,52,13,,Yes,16.3,80.0,732.0,15.0,17.0,10.5,-1.043,-0.706,-1.749,0.106,Dem
746,m,65,16,,Yes,8.2,251.0,1597.0,17.0,18.0,5.5,-1.56,-0.268,-1.828,1.499,Dem
747,f,74,18,1.0,Yes,13.9,327.0,1399.0,12.0,15.0,14.5,-2.692,-1.001,-3.693,0.201,Dem
748,f,69,14,2.0,Yes,28.2,85.0,935.0,14.0,15.0,7.5,-1.152,-0.171,-1.324,-0.523,Dem
749,m,90,11,0.0,Yes,13.6,171.0,1259.0,10.0,14.0,0.5,0.068,-0.053,0.014,0.429,MCI
750,f,51,18,0.0,No,14.5,252.0,1162.0,11.0,,9.5,2.06,-0.392,1.668,0.511,Dem
751,f,80,12,0.0,Yes,16.2,191.0,1485.0,11.0,14.0,12.5,0.179,-0.452,-0.273,0.608,Dem
752,m,55,19,0.0,No,26.0,285.0,1394.0,15.0,17.0,5.5,1.341,0.257,1.598,0.693,Dem
753,f,55,18,0.0,Yes,8.0,131.0,955.0,13.0,17.0,6.5,-0.501,-0.397,-0.898,-0.245,Dem
754,f,77,16,0.0,Yes,30.7,202.0,1106.0,21.0,11.0,3.5,-0.328,-0.244,-0.572,0.198,MCI
755,f,62,18,0.0,Yes,15.0,136.0,1700.0,18.0,14.0,13.5,0.897,-0.462,0.435,-1.259,Dem
756,f,71,14,2.0,Yes,29.3,180.0,1150.0,16.0,,8.5,-0.448,-1.383,-1.831,-1.164,Dem
757,m,71,11,2.0,Yes,23.5,435.0,1700.0,13.0,9.0,8.5,0.234,1.791,2.025,-2.044,Dem
758,u,69,18,0.0,Yes,8.0,224.0,1656.0,15.0,14.0,6.5,0.143,-0.376,-0.233,-0.401,Dem
759,f,68,14,0.0,No,23.1,116.0,805.0,18.0,14.0,8.5,0.808,-0.2,0.607,-2.987,Dem
760,m,52,12,2.0,Yes,32.9,206.0,1021.0,,16.0,16.5,0.848,-1.164,-0.316,0.795,Dem
761,un,61,10,1.0,Yes,21.9,185.0,1533.0,15.0,16.0,6.5,-0.192,0.226,0.034,0.675,Dem
762,m,89,20,0.0,Yes,16.3,176.0,1588.0,16.0,,1.5,-0.25,0.097,-0.152,-0.163,MCI
763,f,69,20,0.0,Yes,10.1,174.0,865.0,20.0,9.0,0.0,-1.463,-0.628,-2.091,-0.268,NC
764,f,72,16,1.0,Yes,31.6,275.0,1196.0,10.0,17.0,1.5,0.026,-0.118,-0.092,-0.089,MCI
765,f,64,20,0.0,Yes,34.0,80.0,1686.0,13.0,,,-1.023,-0.031,-1.054,-0.833,
766,f,61,19,1.0,Yes,27.6,325.0,1700.0,14.0,16.0,,0.684,-0.323,0.362,-1.51,
767,m,59,12,0.0,Yes,17.8,197.0,379.0,10.0,17.0,5.5,1.102,-0.548,0.554,1.388,Dem
768,un,85,15,1.0,No,32.0,106.0,1324.0,18.0,12.0,7.5,-0.043,-0.713,-0.756,-0.063,Dem
769,m,86,14,0.0,Yes,19.3,81.0,616.0,12.0,18.0,11.5,-0.206,-1.195,-1.401,0.317,Dem
770,f,59,12,0.0,Yes,32.8,146.0,1202.0,13.0,14.0,11.5,0.096,-0.97,-0.875,-0.785,Dem
771,m,71,13,1.0,Yes,8.0,143.0,879.0,9.0,9.0,4.5,-0.638,-1.812,-2.451,-1.997,Dem
772,f,64,10,0.0,Yes,25.5,93.0,1559.0,16.0,,0.5,-0.963,-0.128,-1.091,-0.316,MCI
773,f,60,15,0.0,Yes,22.2,257.0,1331.0,18.0,15.0,,-0.905,-0.95,-1.855,-1.075,
774,f,62,18,1.0,Yes,8.0,150.0,845.0,14.0,20.0,2.5,-1.816,0.349,-1.467,0.555,MCI
775,f,70,15,0.0,Yes,19.0,83.0,1054.0,13.0,18.0,0.5,-0.69,-1.638,-2.329,-1.072,MCI
776,u,58,14,1.0,Yes,13.0,402.0,839.0,14.0,18.0,,-1.298,-0.244,-1.542,-1.037,
777,f,89,14,1.0,Yes,11.9,111.0,1369.0,18.0,17.0,17.5,-0.547,0.631,0.085,0.499,Dem
778,f,75,12,2.0,No,8.0,163.0,1328.0,15.0,19.0,5.5,-1.531,1.304,-0.227,0.862,Dem
779,f,73,14,0.0,Yes,21.3,80.0,1521.0,10.0,10.0,,-0.269,0.578,0.309,-1.888,
780,f,56,13,1.0,Yes,30.8,159.0,1366.0,17.0,15.0,13.5,-1.156,2.07,0.913,0.42,Dem
781,m,67,15,1.0,Yes,24.1,271.0,1028.0,12.0,,9.5,-0.555,-0.61,-1.166,-1.143,Dem
782,f,69,15,1.0,No,8.0,153.0,1147.0,7.0,11.0,,-0.542,0.353,-0.188,-0.689,
783,m,61,17,1.0,No,35.0,271.0,1486.0,15.0,16.0,15.5,1.518,-0.267,1.251,0.246,Dem
784,f,87,20,2.0,Yes,19.7,141.0,1132.0,17.0,14.0,0.0,-0.847,-1.01,-1.857,-1.481,NC
785,f,80,15,0.0,No,8.6,407.0,1124.0,16.0,14.0,12.5,0.919,-0.297,0.622,-0.189,Dem
786,f,76,16,0.0,Yes,8.0,274.0,1387.0,,21.0,6.5,-0.201,-1.796,-1.998,1.426,Dem
787,f,85,10,1.0,No,25.2,122.0,1700.0,16.0,14.0,14.5,0.889,-1.07,-0.181,0.42,Dem
788,m,70,18,1.0,Yes,9.4,110.0,571.0,16.0,16.0,5.5,0.389,-0.043,0.346,1.365,Dem
789,m,88,11,0.0,No,36.2,80.0,1090.0,11.0,17.0,2.5,1.648,1.598,3.245,-0.368,MCI
790,m,69,20,1.0,Yes,20.3,109.0,1467.0,10.0,17.0,8.5,0.573,-0.68,-0.106,0.544,Dem
791,m,77,14,0.0,Yes,28.1,265.0,326.0,11.0,12.0,,-0.067,0.346,0.278,-0.182,
792,m,83,14,0.0,Yes,14.1,80.0,1388.0,15.0,13.0,10.5,-1.617,1.672,0.054,1.555,Dem
793,f,74,17,0.0,Yes,11.5,176.0,871.0,10.0,15.0,7.5,-0.107,-0.81,-0.917,-0.791,Dem
794,m,67,12,1.0,No,15.1,293.0,912.0,16.0,18.0,12.5,0.699,-0.966,-0.268,-0.923,Dem
795,f,79,14,0.0,No,24.7,233.0,1408.0,19.0,20.0,0.0,-0.542,1.088,0.547,0.731,NC
796,f,81,19,1.0,No,19.0,322.0,1052.0,18.0,15.0,16.5,-0.981,0.156,-0.824,-0.091,Dem
797,f,59,18,1.0,No,19.5,227.0,840.0,16.0,14.0,4.5,0.304,-0.206,0.098,0.63,Dem
798,m,65,12,0.0,Yes,16.0,189.0,905.0,12.0,12.0,15.5,-0.009,-0.589,-0.599,-1.522,Dem
799,m,88,12,2.0,Yes,38.9,129.0,696.0,12.0,12.0,8.5,-1.153,-0.517,-1.671,0.656,Dem
800,f,53,11,2.0,Yes,28.7,258.0,1378.0,8.0,13.0,13.5,-1.886,-0.004,-1.891,-0.342,Dem
801,f,86,16,0.0,No,11.5,201.0,1700.0,10.0,14.0,15.5,-0.401,1.179,0.778,-0.886,Dem
802,f,81,11,0.0,No,15.5,80.0,981.0,16.0,16.0,11.5,0.168,-0.345,-0.177,-0.541,Dem
803,m,86,14,0.0,Yes,20.4,288.0,1571.0,13.0,,0.0,0.303,0.088,0.391,-0.232,NC
804,m,69,19,1.0,Yes,8.0,221.0,1433.0,15.0,15.0,6.5,0.482,-2.729,-2.246,0.175,Dem
805,m,69,15,2.0,Yes,20.8,360.0,1405.0,11.0,16.0,0.0,0.909,-0.241,0.668,1.323,NC
806,m,50,10,2.0,Yes,21.0,313.0,1485.0,19.0,14.0,3.5,-0.276,-0.607,-0.883,1.789,MCI
807,f,86,10,1.0,Yes,31.7,109.0,1586.0,17.0,12.0,5.5,1.099,0.611,1.71,0.982,Dem
808,m,52,15,2.0,Yes,14.5,182.0,827.0,11.0,16.0,0.0,0.937,-0.64,0.297,-0.772,NC
809,m,60,11,0.0,Yes,35.4,320.0,1424.0,14.0,14.0,14.5,1.366,-0.482,0.884,0.073,Dem
810,m,78,15,2.0,Yes,30.7,309.0,987.0,19.0,16.0,16.5,1.113,0.494,1.607,0.29,Dem
811,u,75,16,,Yes,16.9,322.0,907.0,13.0,10.0,13.5,0.963,-0.227,0.737,0.452,Dem
812,f,60,17,0.0,No,34.8,80.0,722.0,16.0,17.0,10.5,0.287,1.645,1.932,1.133,Dem
813,un,86,18,1.0,Yes,12.3,143.0,1385.0,13.0,14.0,1.5,-0.608,-0.354,-0.962,-1.243,MCI
814,f,85,16,2.0,Yes,28.2,171.0,1700.0,15.0,16.0,6.5,0.502,1.503,2.006,-0.41,Dem
815,u,65,13,0.0,Yes,26.9,227.0,1033.0,13.0,,0.5,-0.901,-0.714,-1.614,-1.483,MCI
816,m,58,13,1.0,No,16.8,271.0,826.0,13.0,18.0,12.5,-1.057,-0.491,-1.549,-0.243,Dem
817,f,85,13,1.0,Yes,8.0,158.0,1497.0,19.0,13.0,1.5,-0.59,-1.159,-1.749,-0.36,MCI
818,m,84,19,0.0,Yes,29.2,238.0,1174.0,12.0,22.0,6.5,-0.768,-0.987,-1.754,1.312,Dem
819,un,73,11,1.0,No,8.0,137.0,457.0,18.0,,16.5,-0.058,0.186,0.127,-2.398,Dem
820,m,53,16,1.0,Yes,8.0,156.0,1089.0,16.0,13.0,10.5,-1.586,0.317,-1.269,1.879,Dem
821,f,70,19,0.0,Yes,40.2,216.0,1506.0,11.0,14.0,4.5,1.865,-0.917,0.948,0.962,Dem
822,m,85,18,0.0,No,30.1,80.0,510.0,16.0,17.0,9.5,-0.449,1.475,1.026,-0.109,Dem
823,f,76,18,0.0,No,8.0,237.0,1261.0,18.0,13.0,10.5,1.646,-0.657,0.989,-1.469,Dem
824,m,67,12,1.0,Yes,9.2,111.0,1334.0,15.0,11.0,13.5,0.353,-0.175,0.179,-1.303,Dem
825,u,84,13,0.0,Yes,14.0,386.0,1328.0,17.0,15.0,4.5,1.261,-0.16,1.102,-0.253,Dem
826,u,85,11,2.0,Yes,21.7,132.0,1700.0,,,0.0,1.002,-0.008,0.995,1.034,NC
827,f,79,16,,Yes,40.3,291.0,1210.0,11.0,19.0,0.0,0.109,0.1,0.209,-0.179,NC
828,f,67,14,0.0,Yes,16.6,106.0,1038.0,16.0,12.0,1.5,-0.25,0.636,0.387,-1.07,MCI
829,f,66,17,0.0,Yes,14.0,189.0,977.0,15.0,14.0,,-0.76,0.611,-0.149,0.1,
830,u,72,18,0.0,Yes,26.9,148.0,728.0,17.0,9.0,0.0,-1.047,1.59,0.543,-1.122,NC
831,f,68,16,0.0,Yes,13.8,205.0,1579.0,10.0,9.0,16.5,1.774,0.709,2.483,-1.098,Dem
832,m,67,15,1.0,Yes,20.3,80.0,630.0,14.0,19.0,3.5,-0.185,0.505,0.32,1.055,MCI
833,m,52,18,,Yes,8.2,136.0,1052.0,14.0,13.0,8.5,-0.19,0.547,0.357,-3.019,Dem
834,f,90,19,,Yes,8.0,306.0,761.0,18.0,12.0,,1.497,0.23,1.727,0.092,
835,m,69,12,0.0,No,32.0,256.0,1700.0,9.0,15.0,17.5,-0.41,0.125,-0.285,0.794,Dem
836,u,62,18,0.0,Yes,14.4,116.0,1165.0,16.0,7.0,0.0,-0.079,1.448,1.37,0.809,NC
837,f,50,11,0.0,Yes,27.2,152.0,1247.0,16.0,13.0,15.5,0.354,0.489,0.842,1.675,Dem
838,m,81,19,2.0,Yes,43.9,80.0,1412.0,16.0,17.0,0.0,-1.674,-0.16,-1.833,0.166,NC
839,un,73,18,2.0,Yes,13.3,266.0,776.0,13.0,21.0,0.0,-0.212,0.755,0.543,-1.426,NC
840,m,50,19,0.0,Yes,17.2,425.0,1452.0,16.0,,1.5,0.398,-0.129,0.269,-1.687,MCI
841,un,75,18,2.0,No,17.4,176.0,1116.0,13.0,15.0,9.5,-0.361,-1.383,-1.744,0.041,Dem
842,f,88,14,1.0,Yes,15.4,168.0,1190.0,14.0,14.0,2.5,0.063,-0.699,-0.636,0.011,MCI
843,m,85,10,1.0,Yes,26.7,136.0,427.0,18.0,20.0,2.5,0.762,1.358,2.12,-1.756,MCI
844,m,76,18,1.0,Yes,13.5,165.0,1512.0,13.0,,0.5,-1.294,1.397,0.103,-0.695,MCI
845,f,71,12,,Yes,22.6,173.0,682.0,16.0,16.0,0.5,-0.065,-0.2,-0.265,-0.643,MCI
846,f,67,13,0.0,No,24.8,481.0,969.0,10.0,14.0,0.0,-1.015,1.797,0.781,-0.937,NC
847,m,90,14,0.0,Yes,24.9,122.0,1110.0,17.0,15.0,12.5,1.165,0.012,1.177,0.474,Dem
848,m,85,17,0.0,Yes,28.1,296.0,1073.0,18.0,11.0,11.5,1.427,-0.787,0.64,-0.216,Dem
849,m,77,11,0.0,Yes,16.0,174.0,1646.0,12.0,17.0,1.5,1.847,-0.998,0.849,-0.507,MCI
850,m,63,10,2.0,Yes,13.6,80.0,1300.0,,14.0,0.0,1.477,-0.281,1.196,-1.644,NC
851,f,88,10,,No,12.3,137.0,1700.0,16.0,,14.5,1.094,1.472,2.567,-0.909,Dem
852,m,80,12,2.0,No,42.0,238.0,1700.0,16.0,16.0,5.5,0.863,0.394,1.257,-1.045,Dem
853,un,88,13,1.0,No,29.5,299.0,751.0,,13.0,11.5,0.732,-0.425,0.307,-0.518,Dem
854,m,56,17,,Yes,8.0,133.0,1040.0,14.0,,9.5,-1.066,-1.118,-2.184,1.406,Dem
855,un,61,12,1.0,Yes,12.5,181.0,1466.0,,13.0,15.5,-0.522,-1.763,-2.285,1.775,Dem
856,f,51,20,1.0,Yes,13.3,250.0,737.0,9.0,10.0,,0.398,0.075,0.473,-2.321,
857,f,86,17,1.0,Yes,16.3,230.0,1604.0,13.0,16.0,13.5,0.754,-0.004,0.75,-1.065,Dem
858,f,53,13,1.0,No,40.1,80.0,748.0,16.0,14.0,8.5,0.013,0.293,0.307,-1.514,Dem
859,f,78,11,2.0,Yes,8.0,202.0,1039.0,18.0,10.0,12.5,-1.504,0.079,-1.425,-0.085,Dem
860,f,66,10,0.0,Yes,22.7,202.0,820.0,15.0,,4.5,0.552,1.319,1.87,0.421,Dem
861,f,65,19,1.0,Yes,8.0,80.0,1069.0,14.0,14.0,16.5,-1.069,1.207,0.138,-2.138,Dem
862,m,58,11,1.0,Yes,11.7,216.0,1066.0,13.0,14.0,2.5,-0.997,-0.469,-1.466,1.735,MCI
863,m,79,20,1.0,Yes,25.4,246.0,1363.0,17.0,17.0,11.5,0.951,1.257,2.208,0.734,Dem
864,f,89,13,0.0,Yes,20.7,80.0,924.0,17.0,15.0,11.5,-1.451,1.78,0.329,0.135,Dem
865,m,61,11,0.0,Yes,40.0,80.0,1041.0,18.0,12.0,16.5,-1.357,1.489,0.131,0.91,Dem
866,m,55,18,0.0,No,11.8,208.0,1409.0,20.0,12.0,17.5,-0.942,-1.652,-2.594,0.098,Dem
867,f,55,16,0.0,Yes,23.0,331.0,1700.0,14.0,19.0,11.5,-1.088,-1.461,-2.548,-0.484,Dem
868,f,67,19,2.0,Yes,23.0,131.0,1700.0,15.0,13.0,2.5,-1.429,-0.283,-1.712,-0.46,MCI
869,m,82,19,1.0,Yes,25.1,342.0,1700.0,13.0,16.0,14.5,0.445,-1.191,-0.746,1.174,Dem
870,m,62,17,1.0,No,8.0,232.0,1521.0,16.0,,15.5,-0.617,-0.631,-1.248,0.048,Dem
871,f,57,16,,No,40.7,264.0,1218.0,,17.0,7.5,1.806,0.477,2.283,-1.696,Dem
872,m,82,15,0.0,No,23.7,199.0,1469.0,16.0,18.0,3.5,-0.396,0.835,0.439,1.133,MCI
873,m,83,19,1.0,No,37.7,186.0,1700.0,15.0,20.0,17.5,-0.075,-0.823,-0.898,-0.507,Dem
874,f,75,15,2.0,Yes,8.0,251.0,723.0,13.0,19.0,14.5,0.382,1.039,1.42,0.7,Dem
875,f,50,13,2.0,Yes,27.6,266.0,1680.0,21.0,15.0,0.0,0.125,0.299,0.424,0.52,NC
876,m,81,17,2.0,Yes,29.2,126.0,776.0,17.0,,0.5,0.631,0.714,1.345,0.372,MCI
877,un,82,19,1.0,Yes,25.3,147.0,765.0,11.0,19.0,15.5,2.467,0.971,3.438,1.097,Dem
878,f,55,16,0.0,Yes,13.4,177.0,1700.0,14.0,17.0,8.5,-0.978,0.836,-0.142,0.173,Dem
879,f,77,14,1.0,No,8.0,246.0,1127.0,21.0,13.0,15.5,0.565,-0.421,0.144,-0.083,Dem
880,f,52,19,,Yes,8.9,125.0,1298.0,11.0,14.0,11.5,0.73,0.178,0.908,1.071,Dem
881,f,63,18,1.0,Yes,29.7,148.0,290.0,,10.0,2.5,2.304,0.714,3.018,2.028,MCI
882,f,54,20,0.0,Yes,15.7,349.0,883.0,13.0,,17.5,-0.117,1.008,0.891,-0.28,Dem
883,f,83,20,,Yes,21.6,185.0,1367.0,16.0,14.0,,-0.958,-0.522,-1.48,-0.459,
884,m,67,13,0.0,No,8.0,266.0,1154.0,8.0,16.0,9.5,-0.098,1.098,1.0,-0.811,Dem
885,m,78,19,,Yes,25.9,168.0,1356.0,17.0,20.0,8.5,0.097,-0.129,-0.031,-0.084,Dem
886,m,60,11,2.0,Yes,19.1,268.0,1700.0,18.0,16.0,14.5,-1.314,1.492,0.177,-1.911,Dem
887,m,79,16,0.0,No,28.4,223.0,270.0,,14.0,9.5,0.04,0.0,0.04,1.575,Dem
888,f,61,14,1.0,No,16.6,278.0,1078.0,15.0,,16.5,-0.801,1.806,1.006,-0.349,Dem
889,f,50,19,2.0,Yes,35.0,291.0,1303.0,13.0,17.0,5.5,-1.303,1.053,-0.25,0.331,Dem
890,f,53,10,0.0,Yes,14.9,80.0,597.0,19.0,,3.5,0.506,-0.166,0.34,-0.298,MCI
891,f,71,18,0.0,No,41.4,89.0,1700.0,14.0,21.0,5.5,-1.067,-0.267,-1.334,-0.022,Dem
892,un,75,13,,Yes,20.4,80.0,863.0,18.0,22.0,8.5,-1.812,0.122,-1.69,0.729,Dem
893,m,83,11,0.0,Yes,15.4,80.0,1599.0,13.0,,12.5,-0.451,-0.135,-0.586,1.246,Dem
894,f,73,18,0.0,Yes,23.6,294.0,1224.0,11.0,16.0,8.5,1.325,0.682,2.007,0.554,Dem
895,un,60,14,,Yes,29.6,273.0,1348.0,18.0,16.0,0.0,0.416,-1.619,-1.203,-1.037,NC
896,m,89,12,,Yes,37.9,268.0,1009.0,20.0,12.0,0.5,-0.74,-2.162,-2.901,-1.727,MCI
897,m,81,13,1.0,Yes,21.7,382.0,1700.0,15.0,22.0,11.5,0.338,1.311,1.649,-1.433,Dem
898,m,70,16,1.0,Yes,26.3,301.0,755.0,13.0,20.0,16.5,0.464,-0.094,0.37,1.524,Dem
899,un,57,14,2.0,No,18.5,234.0,994.0,12.0,12.0,2.5,0.761,-2.687,-1.925,1.28,MCI
